"csg" :
[
  [
  {
    "type"  : "cube"
    "rgb"   : "0 117 31"
    "round%": "0.1"
    "line_w": "1"
    "r"     : "8.21841e-08 -7.25216e-08 1 1 -1.14531e-15 -8.21841e-08 7.10543e-15 1 7.25216e-08"
    "t"     : "-8.24043 -45.3252 -2.60983e-06"
    "s"     : "19.1124 543.601 595.441"
  }
  {
    "type"  : "bezier"
    "mode"  : "sub"
    "rgb"   : "6 139 142"
    "line_w": "64"
    "r"     : "0.927184 -0.374607 0 0.374607 0.927184 -0 0 0 1"
    "t"     : "-334.593 -86.0556 7.10225"
    "s"     : "174.576 60.9965 60.2325"
  }
  {
    "type"  : "bezier"
    "rgb"   : "6 139 142"
    "line_w": "185.5"
    "r"     : "0.927184 -0.374607 0 0.374607 0.927184 -0 0 0 1"
    "t"     : "-334.593 -86.0556 -6.841"
    "s"     : "174.576 60.9965 12.0472"
  }
  {
    "type"  : "cube"
    "mode"  : "inter"
    "rgb"   : "0 117 31"
    "line_w": "1"
    "r"     : "8.21841e-08 -7.25216e-08 1 1 -1.14531e-15 -8.21841e-08 7.10543e-15 1 7.25216e-08"
    "t"     : "-8.24039 -45.3252 462.574"
    "s"     : "526.485 500 500"
  }
  {
    "type"  : "sphere"
    "rgb"   : "0 117 31"
    "blend" : "9"
    "round%": "0.1"
    "line_w": "1"
    "r"     : "8.21841e-08 -7.25216e-08 1 1 -1.14531e-15 -8.21841e-08 7.10543e-15 1 7.25216e-08"
    "t"     : "218.347 -304.178 -11.1536"
    "s"     : "57.6107 124.469 204.025"
  }
  {
    "type"  : "sphere"
    "rgb"   : "0 117 31"
    "blend" : "9"
    "round%": "0.1"
    "line_w": "1"
    "r"     : "8.21841e-08 -7.25216e-08 1 0.694658 0.71934 -4.9222e-09 -0.71934 0.694658 1.09496e-07"
    "t"     : "76.0994 -160.791 -11.1536"
    "s"     : "57.6107 124.469 204.025"
  }
  ]
  [
  {
    "name"  : "shoes"
    "type"  : "sphere"
    "mode"  : "sub"
    "rgb"   : "241 168 95"
    "round%": "0.1"
    "line_w": "1"
    "r"     : "1 0 0 0 1 0 0 0 1"
    "t"     : "0 47.3669 -1.52185"
    "s"     : "1 1 1"
  }
  ]
  [
  {
    "type"  : "bezier"
    "rgb"   : "0 117 31"
    "top_v%": "-0.02"
    "line_w": "1"
    "r"     : "8.21841e-08 -7.25216e-08 1 0.615662 -0.788011 -1.07745e-07 0.788011 0.615662 -2.01132e-08"
    "t"     : "-287.683 340.616 28.3648"
    "s"     : "19.1124 4.74658 2.04047"
  }
  {
    "type"  : "bezier"
    "rgb"   : "0 117 31"
    "top_v%": "-0.02"
    "line_w": "1"
    "r"     : "-0.177264 -0.138494 0.97437 0.615662 -0.78801 -1.49012e-07 0.767814 0.599882 0.224951"
    "t"     : "-290.759 338.213 15.8522"
    "s"     : "14.047 4.74658 2.04047"
  }
  {
    "type"  : "bezier"
    "rgb"   : "0 117 31"
    "top_v%": "-0.02"
    "line_w": "1"
    "r"     : "0.262699 -0.00807481 0.964844 -0.8524 -0.470492 0.228146 0.452109 -0.882367 -0.130481"
    "t"     : "-283.773 334.504 30.5444"
    "s"     : "14.047 1.27176 2.04047"
  }
  {
    "type"  : "bezier"
    "rgb"   : "0 117 31"
    "top_v%": "-0.02"
    "line_w": "1"
    "r"     : "8.21841e-08 -7.25216e-08 1 0.573576 -0.819152 -1.06545e-07 0.819152 0.573576 -2.57246e-08"
    "t"     : "245.984 -396.813 28.3647"
    "s"     : "19.1124 4.74658 2.04047"
  }
  {
    "type"  : "bezier"
    "rgb"   : "0 117 31"
    "top_v%": "-0.02"
    "line_w": "1"
    "r"     : "-0.184269 -0.129027 0.97437 0.573576 -0.819152 -2.75671e-07 0.798157 0.558876 0.224951"
    "t"     : "241.081 -400.247 28.8528"
    "s"     : "14.047 4.74658 2.04047"
  }
  {
    "type"  : "bezier"
    "rgb"   : "0 117 31"
    "top_v%": "-0.02"
    "line_w": "1"
    "r"     : "0.261916 -0.021812 0.964844 -0.875856 -0.425236 0.228146 0.40531 -0.90482 -0.13048"
    "t"     : "249.57 -403.122 30.5443"
    "s"     : "14.047 1.27176 2.04047"
  }
  {
    "type"  : "bezier"
    "rgb"   : "0 117 31"
    "top_v%": "-0.02"
    "line_w": "1"
    "r"     : "8.21841e-08 -7.25216e-08 1 0.292372 -0.956305 -9.3381e-08 0.956305 0.292372 -5.73897e-08"
    "t"     : "-366.77 281.731 28.3648"
    "s"     : "19.1124 4.74658 2.04047"
  }
  {
    "type"  : "bezier"
    "rgb"   : "0 117 31"
    "top_v%": "-0.02"
    "line_w": "1"
    "r"     : "-0.215122 -0.0657697 0.97437 0.292372 -0.956305 -2.6077e-07 0.931795 0.284878 0.224951"
    "t"     : "-372.495 279.982 28.8529"
    "s"     : "14.047 4.74658 2.04047"
  }
  {
    "type"  : "bezier"
    "rgb"   : "0 117 31"
    "top_v%": "-0.02"
    "line_w": "1"
    "r"     : "0.242357 -0.101681 0.964844 -0.964393 -0.13377 0.228146 0.105869 -0.985782 -0.130481"
    "t"     : "-365.311 274.624 30.5444"
    "s"     : "14.047 1.27176 2.04047"
  }
  {
    "type"  : "bezier"
    "rgb"   : "0 117 31"
    "top_v%": "-0.02"
    "line_w": "1"
    "r"     : "8.21841e-08 -7.25216e-08 1 0.906308 -0.422619 -1.05133e-07 0.422619 0.906308 3.09943e-08"
    "t"     : "412.44 -133.301 28.3647"
    "s"     : "19.1124 4.74658 2.04047"
  }
  {
    "type"  : "bezier"
    "rgb"   : "0 117 31"
    "top_v%": "-0.02"
    "line_w": "1"
    "r"     : "-0.0950683 -0.203875 0.97437 0.906308 -0.422618 -2.6077e-07 0.411787 0.883079 0.224951"
    "t"     : "409.911 -138.726 28.8528"
    "s"     : "14.047 4.74658 2.04047"
  }
  {
    "type"  : "bezier"
    "rgb"   : "0 117 31"
    "top_v%": "-0.02"
    "line_w": "1"
    "r"     : "0.237732 0.112068 0.964844 -0.545896 -0.806193 0.228146 0.803419 -0.580942 -0.13048"
    "t"     : "418.7 -136.971 30.5443"
    "s"     : "14.047 1.27176 2.04047"
  }
  {
    "type"  : "bezier"
    "rgb"   : "0 117 31"
    "top_v%": "-0.02"
    "line_w": "1"
    "r"     : "8.21841e-08 -7.25216e-08 1 0.406737 -0.913545 -9.96791e-08 0.913545 0.406737 -4.55817e-08"
    "t"     : "-216.66 428.157 28.3648"
    "s"     : "19.1124 4.74658 2.04047"
  }
  {
    "type"  : "bezier"
    "rgb"   : "0 117 31"
    "top_v%": "-0.02"
    "line_w": "1"
    "r"     : "-0.205503 -0.0914965 0.97437 0.406737 -0.913545 -4.76837e-07 0.890131 0.396312 0.224951"
    "t"     : "-220.226 426.57 15.8522"
    "s"     : "14.047 4.74658 2.04047"
  }
  {
    "type"  : "bezier"
    "rgb"   : "0 117 31"
    "top_v%": "-0.02"
    "line_w": "1"
    "r"     : "0.252942 -0.0713875 0.964844 -0.940903 -0.250302 0.228146 0.225216 -0.965532 -0.130481"
    "t"     : "-214.345 421.281 30.5444"
    "s"     : "14.047 1.27176 2.04047"
  }
  {
    "type"  : "bezier"
    "rgb"   : "0 117 31"
    "top_v%": "-0.02"
    "line_w": "1"
    "r"     : "8.21841e-08 -7.25218e-08 1 0.358368 -0.93358 -9.7157e-08 0.933581 0.358368 -5.0736e-08"
    "t"     : "122.755 -416.473 28.3647"
    "s"     : "19.1124 4.74658 2.04047"
  }
  {
    "type"  : "bezier"
    "rgb"   : "0 117 31"
    "top_v%": "-0.02"
    "line_w": "1"
    "r"     : "-0.21001 -0.0806155 0.97437 0.358368 -0.93358 -2.08616e-07 0.909653 0.349183 0.224951"
    "t"     : "117.167 -418.619 28.8528"
    "s"     : "14.047 4.74658 2.04047"
  }
  {
    "type"  : "bezier"
    "rgb"   : "0 117 31"
    "top_v%": "-0.02"
    "line_w": "1"
    "r"     : "0.248859 -0.0845273 0.964844 -0.952713 -0.200716 0.228146 0.174375 -0.975996 -0.13048"
    "t"     : "124.708 -423.462 30.5443"
    "s"     : "14.047 1.27176 2.04047"
  }
  {
    "type"  : "bezier"
    "rgb"   : "0 117 31"
    "top_v%": "-0.02"
    "line_w": "1"
    "r"     : "8.21842e-08 -7.25216e-08 1 0.0523361 -0.99863 -7.67234e-08 0.99863 0.0523361 -7.8276e-08"
    "t"     : "-307.643 390.154 28.3648"
    "s"     : "19.1124 4.74658 2.04047"
  }
  {
    "type"  : "bezier"
    "rgb"   : "0 117 31"
    "top_v%": "-0.02"
    "line_w": "1"
    "r"     : "-0.224643 -0.0117731 0.97437 0.0523361 -0.99863 -3.53902e-08 0.973035 0.0509947 0.224951"
    "t"     : "-313.621 389.842 28.8529"
    "s"     : "14.047 4.74658 2.04047"
  }
  {
    "type"  : "bezier"
    "rgb"   : "0 117 31"
    "top_v%": "-0.02"
    "line_w": "1"
    "r"     : "0.210559 -0.157292 0.964844 -0.968109 0.103511 0.228146 -0.135758 -0.982112 -0.130481"
    "t"     : "-307.947 382.905 30.5444"
    "s"     : "14.047 1.27176 2.04047"
  }
  {
    "type"  : "bezier"
    "rgb"   : "0 117 31"
    "top_v%": "-0.02"
    "line_w": "1"
    "r"     : "8.21841e-08 -7.25216e-08 1 0.777146 -0.629321 -1.09508e-07 0.629321 0.777146 4.63969e-09"
    "t"     : "348.016 -201.058 28.3647"
    "s"     : "19.1124 4.74658 2.04047"
  }
  {
    "type"  : "bezier"
    "rgb"   : "0 117 31"
    "top_v%": "-0.02"
    "line_w": "1"
    "r"     : "-0.141566 -0.17482 0.97437 0.777146 -0.62932 -3.12924e-07 0.613191 0.757228 0.224951"
    "t"     : "344.249 -205.71 28.8528"
    "s"     : "14.047 4.74658 2.04047"
  }
  {
    "type"  : "bezier"
    "rgb"   : "0 117 31"
    "top_v%": "-0.02"
    "line_w": "1"
    "r"     : "0.257782 0.0512263 0.964844 -0.724716 -0.650182 0.228146 0.639011 -0.75805 -0.130481"
    "t"     : "353.202 -206.133 30.5443"
    "s"     : "14.047 1.27176 2.04047"
  }
  {
    "type"  : "bezier"
    "rgb"   : "0 117 31"
    "round%": "1"
    "top_v%": "-0.02"
    "line_w": "1"
    "r"     : "8.21841e-08 -7.25216e-08 1 0.292372 -0.956305 -9.3381e-08 0.956305 0.292372 -5.73897e-08"
    "t"     : "-286.703 30.2989 27.1419"
    "s"     : "45.3963 11.2742 4.84658"
  }
  {
    "type"  : "bezier"
    "rgb"   : "0 117 31"
    "round%": "1"
    "top_v%": "-0.02"
    "line_w": "1"
    "r"     : "-0.215122 -0.0657697 0.97437 0.292372 -0.956305 -2.6077e-07 0.931795 0.284878 0.224951"
    "t"     : "-300.301 26.1446 28.3012"
    "s"     : "33.3648 11.2742 4.84658"
  }
  {
    "type"  : "bezier"
    "rgb"   : "0 117 31"
    "round%": "1"
    "top_v%": "-0.02"
    "line_w": "1"
    "r"     : "0.242357 -0.101681 0.964844 -0.964393 -0.13377 0.228146 0.105869 -0.985782 -0.130481"
    "t"     : "-283.237 13.4181 32.3189"
    "s"     : "33.3648 3.02072 4.84658"
  }
  {
    "type"  : "bezier"
    "rgb"   : "0 117 31"
    "round%": "1"
    "top_v%": "-0.02"
    "line_w": "1"
    "r"     : "8.21841e-08 -7.25216e-08 1 -0.996195 -0.087156 7.55507e-08 0.087156 -0.996195 -7.94085e-08"
    "t"     : "-365.093 22.5578 27.1419"
    "s"     : "45.3963 11.2742 4.84658"
  }
  {
    "type"  : "bezier"
    "rgb"   : "0 117 31"
    "round%": "1"
    "top_v%": "-0.02"
    "line_w": "1"
    "r"     : "-0.0196059 0.224095 0.97437 -0.996195 -0.087156 -9.18386e-08 0.0849222 -0.970662 0.224951"
    "t"     : "-366.329 36.7226 28.3012"
    "s"     : "33.3648 11.2742 4.84658"
  }
  {
    "type"  : "bezier"
    "rgb"   : "0 117 31"
    "round%": "1"
    "top_v%": "-0.02"
    "line_w": "1"
    "r"     : "-0.149848 -0.21592 0.964844 0.0696618 0.971132 0.228146 -0.986252 0.1014 -0.13048"
    "t"     : "-382.325 22.6778 32.3189"
    "s"     : "33.3648 3.02072 4.84658"
  }
  {
    "type"  : "bezier"
    "rgb"   : "0 117 31"
    "round%": "1"
    "top_v%": "-0.02"
    "line_w": "1"
    "r"     : "0.0868242 0.00759608 0.996195 -0.923806 0.374902 0.0776564 -0.372885 -0.927033 0.0395678"
    "t"     : "-424.313 15.2777 27.3676"
    "s"     : "45.3963 11.2742 4.84658"
  }
  {
    "type"  : "bezier"
    "rgb"   : "0 117 31"
    "round%": "1"
    "top_v%": "-0.02"
    "line_w": "1"
    "r"     : "0.280567 0.116392 0.952751 -0.483268 0.874755 0.0354494 -0.829298 -0.47038 0.301675"
    "t"     : "-411.825 22.1729 27.3904"
    "s"     : "33.3648 11.2742 4.84658"
  }
  {
    "type"  : "bezier"
    "rgb"   : "0 117 31"
    "round%": "1"
    "top_v%": "-0.02"
    "line_w": "1"
    "r"     : "-0.173471 0.056483 0.983218 0.931749 0.332777 0.145273 -0.318986 0.941313 -0.110355"
    "t"     : "-430.742 31.1102 33.0041"
    "s"     : "33.3648 3.02072 4.84658"
  }
  {
    "type"  : "bezier"
    "rgb"   : "0 117 31"
    "round%": "1"
    "top_v%": "-0.02"
    "line_w": "1"
    "r"     : "0.0868242 0.00759608 0.996195 -0.923806 0.374902 0.0776564 -0.372885 -0.927033 0.0395678"
    "t"     : "-384.699 -99.4311 21.3356"
    "s"     : "45.3963 11.2742 4.84658"
  }
  {
    "type"  : "bezier"
    "rgb"   : "0 117 31"
    "round%": "1"
    "top_v%": "-0.02"
    "line_w": "1"
    "r"     : "-0.173471 0.056483 0.983218 0.931749 0.332777 0.145273 -0.318986 0.941313 -0.110355"
    "t"     : "-391.128 -83.5986 26.9721"
    "s"     : "33.3648 3.02072 4.84658"
  }
  {
    "type"  : "bezier"
    "rgb"   : "0 117 31"
    "round%": "1"
    "top_v%": "-0.02"
    "line_w": "1"
    "r"     : "0.280567 0.116392 0.952751 -0.483268 0.874755 0.0354494 -0.829298 -0.47038 0.301675"
    "t"     : "-372.21 -92.5359 21.3584"
    "s"     : "33.3648 11.2742 4.84658"
  }
  ]
  [
  {
    "type"  : "cube"
    "rgb"   : "78 78 78"
    "round%": "0.42"
    "line_w": "64"
    "r"     : "0.999848 0.0174524 -0 -0.0174524 0.999848 0 0 0 1"
    "t"     : "-105.562 -403.422 141.202"
    "s"     : "264.952 193.246 237.826"
  }
  {
    "type"  : "cube"
    "rgb"   : "78 78 78"
    "blend" : "35"
    "round%": "0.55"
    "line_w": "64"
    "r"     : "0.999848 0.0174524 -0 -0.0174524 0.999848 0 0 0 1"
    "t"     : "-67.1253 -214.806 51.1928"
    "s"     : "79.1491 65.2901 62.4188"
  }
  {
    "type"  : "cube"
    "rgb"   : "78 78 78"
    "blend" : "23"
    "round%": "0.55"
    "line_w": "64"
    "r"     : "0.999848 0.0174524 -0 -0.0174524 0.999848 0 0 0 1"
    "t"     : "128.088 -356.011 55.8567"
    "s"     : "79.1491 65.2901 67.083"
  }
  {
    "type"  : "sphere"
    "rgb"   : "78 78 78"
    "round%": "0.55"
    "line_w": "64"
    "r"     : "0.999848 0.0174524 -0 -0.0174524 0.999848 0 0 0 1"
    "t"     : "-41.9195 -62.3171 6.53033"
    "s"     : "30.4023 39.467 23.9759"
  }
  {
    "type"  : "cube"
    "rgb"   : "78 78 78"
    "round%": "0.7"
    "line_w": "64"
    "r"     : "0.999848 0.0174524 -0 -0.0174524 0.999848 0 0 0 1"
    "t"     : "-36.2208 -333.055 217.012"
    "s"     : "124.812 132.766 237.533"
  }
  {
    "type"  : "cube"
    "rgb"   : "78 78 78"
    "round%": "0.55"
    "line_w": "64"
    "r"     : "0.999848 0.0174524 -0 -0.0174524 0.999848 0 0 0 1"
    "t"     : "151.969 -341.444 -70.2371"
    "s"     : "110.839 118.423 159.678"
  }
  {
    "type"  : "sphere"
    "rgb"   : "78 78 78"
    "round%": "0.55"
    "line_w": "64"
    "r"     : "0.999848 0.0174524 -0 -0.0174524 0.999848 0 0 0 1"
    "t"     : "-366.642 -123.923 13.9846"
    "s"     : "30.4023 25.0788 23.9759"
  }
  {
    "type"  : "cube"
    "rgb"   : "78 78 78"
    "blend" : "4"
    "round%": "0.91"
    "line_w": "64"
    "r"     : "8.89352e-08 -8.58837e-08 1 0.999848 0.0174524 -8.74228e-08 -0.0174524 0.999848 8.74227e-08"
    "t"     : "-19.1532 -416.318 171.684"
    "s"     : "289.286 138.832 86.9996"
  }
  {
    "type"  : "cube"
    "mode"  : "sub"
    "rgb"   : "78 78 78"
    "blend" : "44"
    "round%": "0.48"
    "line_w": "64"
    "r"     : "0.999848 0.0174524 -0 -0.0174524 0.999848 0 0 0 1"
    "t"     : "166.284 -78.928 213.468"
    "s"     : "72.9512 88.542 238.658"
  }
  {
    "type"  : "sphere"
    "rgb"   : "78 78 78"
    "round%": "0.55"
    "line_w": "64"
    "r"     : "0.999848 0.0174524 -0 -0.0174524 0.999848 0 0 0 1"
    "t"     : "-116.065 -200.003 117.067"
    "s"     : "8.98997 11.6704 7.08968"
  }
  {
    "type"  : "sphere"
    "rgb"   : "78 78 78"
    "round%": "0.55"
    "line_w": "64"
    "r"     : "1 -2.98023e-08 0 2.98023e-08 1 -0 0 0 1"
    "t"     : "-101.619 -197.912 121.009"
    "s"     : "5.86919 7.61915 4.62857"
  }
  {
    "type"  : "cube"
    "mode"  : "rep"
    "rgb"   : "62 62 62"
    "blend" : "90"
    "line_w": "64"
    "r"     : "0.999848 0.0174524 -0 -0.0174524 0.999848 0 0 0 1"
    "t"     : "-29.46 -220.382 55.8864"
    "s"     : "217.565 199.667 143.261"
  }
  {
    "type"  : "cube"
    "rgb"   : "78 78 78"
    "round%": "0.82"
    "line_w": "64"
    "r"     : "0.999848 0.0174524 -0 -0.0174524 0.999848 0 0 0 1"
    "t"     : "-382.864 -408.262 141.202"
    "s"     : "128.294 193.246 360.125"
  }
  {
    "type"  : "cube"
    "rgb"   : "78 78 78"
    "blend" : "35"
    "round%": "0.55"
    "line_w": "64"
    "r"     : "0.999848 0.0174524 -0 -0.0174524 0.999848 0 0 0 1"
    "t"     : "-364.394 -219.995 121.062"
    "s"     : "79.1491 81.8896 132.288"
  }
  {
    "type"  : "sphere"
    "rgb"   : "78 78 78"
    "round%": "0.55"
    "line_w": "64"
    "r"     : "0.999848 0.0174524 -0 -0.0174524 0.999848 0 0 0 1"
    "t"     : "-150.758 -268.549 379.101"
    "s"     : "30.4023 25.0788 23.9759"
  }
  {
    "type"  : "sphere"
    "rgb"   : "78 78 78"
    "round%": "0.55"
    "line_w": "64"
    "r"     : "0.999848 0.0174524 -0 -0.0174524 0.999848 0 0 0 1"
    "t"     : "-238.276 -278.636 394.202"
    "s"     : "32.9631 24.1017 16.9756"
  }
  {
    "type"  : "cube"
    "mode"  : "rep"
    "rgb"   : "110 110 110"
    "blend" : "90"
    "line_w": "64"
    "r"     : "0.999848 0.0174524 -0 -0.0174524 0.999848 0 0 0 1"
    "t"     : "-211.079 -223.552 545.287"
    "s"     : "384.769 353.116 106.125"
  }
  {
    "type"  : "sphere"
    "rgb"   : "78 78 78"
    "round%": "0.55"
    "line_w": "64"
    "r"     : "0.999848 0.0174524 -0 -0.0174524 0.999848 0 0 0 1"
    "t"     : "-152.58 -303.764 388.824"
    "s"     : "23.312 19.23 18.3843"
  }
  {
    "type"  : "sphere"
    "rgb"   : "78 78 78"
    "round%": "0.55"
    "line_w": "64"
    "r"     : "0.811334 0.584263 -0.0193539 -0.58445 0.811411 -0.00552386 0.0124766 0.0157931 0.999797"
    "t"     : "-188.736 -332.094 378.703"
    "s"     : "30.4023 25.0788 23.9759"
  }
  {
    "type"  : "sphere"
    "rgb"   : "78 78 78"
    "round%": "0.55"
    "line_w": "64"
    "r"     : "0.811334 0.584263 -0.0193539 -0.58445 0.811411 -0.00552386 0.0124766 0.0157931 0.999797"
    "t"     : "-152.043 -348.953 388.236"
    "s"     : "23.312 19.23 18.3843"
  }
  {
    "type"  : "cube"
    "rgb"   : "78 78 78"
    "blend" : "35"
    "round%": "0.55"
    "line_w": "64"
    "r"     : "0.999848 0.0174524 -0 -0.0174524 0.999848 0 0 0 1"
    "t"     : "-367.238 -246.226 312.385"
    "s"     : "105.335 65.2901 104.725"
  }
  {
    "type"  : "sphere"
    "rgb"   : "78 78 78"
    "round%": "0.55"
    "line_w": "64"
    "r"     : "0.999848 0.0174524 -0 -0.0174524 0.999848 0 0 0 1"
    "t"     : "-297.675 -179.892 251.122"
    "s"     : "38.658 25.0788 32.6042"
  }
  {
    "type"  : "sphere"
    "rgb"   : "78 78 78"
    "round%": "0.55"
    "line_w": "64"
    "r"     : "0.999848 0.0174524 -0 -0.0174524 0.999848 0 0 0 1"
    "t"     : "-137.976 -195.977 2.0106"
    "s"     : "47.0358 38.7998 37.0934"
  }
  {
    "type"  : "sphere"
    "rgb"   : "78 78 78"
    "round%": "0.55"
    "line_w": "64"
    "r"     : "0.999848 0.0174524 -0 -0.0174524 0.999848 0 0 0 1"
    "t"     : "-224.051 -203.847 2.0106"
    "s"     : "22.7636 18.7776 17.9518"
  }
  {
    "type"  : "sphere"
    "rgb"   : "78 78 78"
    "round%": "0.55"
    "line_w": "64"
    "r"     : "0.999848 0.0174524 -0 -0.0174524 0.999848 0 0 0 1"
    "t"     : "-203.499 -171.648 -1.41054"
    "s"     : "10.6858 13.7881 13.1817"
  }
  {
    "type"  : "sphere"
    "rgb"   : "78 78 78"
    "round%": "0.55"
    "line_w": "64"
    "r"     : "0.999848 0.0174524 -0 -0.0174524 0.999848 0 0 0 1"
    "t"     : "-400.7 66.0668 4.45775"
    "s"     : "49.6003 40.9152 29.589"
  }
  {
    "type"  : "cube"
    "mode"  : "inter"
    "rgb"   : "78 78 78"
    "round%": "0.1"
    "line_w": "1"
    "r"     : "8.21841e-08 -7.25216e-08 1 1 -1.14531e-15 -8.21841e-08 7.10543e-15 1 7.25216e-08"
    "t"     : "-8.24039 -45.3252 458.443"
    "s"     : "500 500 500"
  }
  ]
  [
  {
    "type"  : "cube"
    "rgb"   : "6 139 142"
    "round%": "0.7"
    "line_w": "64"
    "r"     : "0.999848 0.0174524 -0 -0.0174524 0.999848 0 0 0 1"
    "t"     : "-195.754 -399.225 162.24"
    "s"     : "124.812 196.142 237.533"
  }
  {
    "type"  : "cube"
    "mode"  : "rep"
    "rgb"   : "8 186 193"
    "blend" : "53"
    "line_w": "64"
    "r"     : "0.999848 0.0174524 -0 -0.0174524 0.999848 0 0 0 1"
    "t"     : "-148.919 -243.011 150.372"
    "s"     : "1.08949 162.621 129.541"
  }
  {
    "type"  : "cube"
    "mode"  : "rep"
    "rgb"   : "8 186 193"
    "blend" : "53"
    "line_w": "64"
    "r"     : "0.999848 0.0174524 -0 -0.0174524 0.999848 0 0 0 1"
    "t"     : "-175.406 -243.473 188.953"
    "s"     : "1.08949 162.621 168.123"
  }
  {
    "type"  : "cube"
    "mode"  : "rep"
    "rgb"   : "8 186 193"
    "blend" : "53"
    "line_w": "64"
    "r"     : "0.999848 0.0174524 -0 -0.0174524 0.999848 0 0 0 1"
    "t"     : "-205.601 -244 174.715"
    "s"     : "1.08949 162.621 153.885"
  }
  {
    "type"  : "cube"
    "mode"  : "rep"
    "rgb"   : "8 186 193"
    "blend" : "53"
    "line_w": "64"
    "r"     : "0.999848 0.0174524 -0 -0.0174524 0.999848 0 0 0 1"
    "t"     : "-232.032 -244.462 197.68"
    "s"     : "1.08949 162.621 176.85"
  }
  {
    "type"  : "cube"
    "mode"  : "inter"
    "rgb"   : "6 139 142"
    "line_w": "1"
    "r"     : "8.21841e-08 -7.25216e-08 1 1 -1.14531e-15 -8.21841e-08 7.10543e-15 1 7.25216e-08"
    "t"     : "-8.24043 -45.3252 -2.60983e-06"
    "s"     : "500 500 500"
  }
  ]
  [
  {
    "type"  : "sphere"
    "rgb"   : "255 234 98"
    "round%": "1"
    "top_v%": "-0.02"
    "line_w": "1"
    "r"     : "0.935121 -0.263786 0.23657 -0.260888 -0.0607995 0.963453 -0.239761 -0.962663 -0.125674"
    "t"     : "-376.757 -60.7706 2.38796"
    "s"     : "25.2594 11.2742 4.84658"
  }
  {
    "type"  : "sphere"
    "rgb"   : "0 0 0"
    "round%": "1"
    "top_v%": "-0.02"
    "line_w": "1"
    "r"     : "0.935121 -0.263786 0.23657 -0.260888 -0.0607995 0.963453 -0.239761 -0.962663 -0.125674"
    "t"     : "-362.101 -61.555 10.0115"
    "s"     : "2.5 2.5 2.5"
  }
  {
    "type"  : "sphere"
    "rgb"   : "0 0 0"
    "round%": "1"
    "top_v%": "-0.02"
    "line_w": "1"
    "r"     : "0.935121 -0.263786 0.23657 -0.260888 -0.0607995 0.963453 -0.239761 -0.962663 -0.125674"
    "t"     : "-363.785 -68.3174 9.12865"
    "s"     : "2.5 2.5 2.5"
  }
  {
    "type"  : "sphere"
    "rgb"   : "255 176 97"
    "round%": "1"
    "top_v%": "-0.02"
    "line_w": "1"
    "r"     : "-0.55112 0.0283929 0.833943 -0.799238 0.269209 -0.537351 -0.239761 -0.962664 -0.125674"
    "t"     : "-376.536 -62.2468 13.181"
    "s"     : "4.78963 2.23253 1"
  }
  {
    "type"  : "sphere"
    "rgb"   : "255 176 97"
    "round%": "1"
    "top_v%": "-0.02"
    "line_w": "1"
    "r"     : "-0.476298 0.804419 -0.355038 -0.688546 -0.592343 -0.418375 -0.546852 0.0451893 0.83601"
    "t"     : "-370.239 -56.8303 4.04292"
    "s"     : "5.20278 3.56841 1.95986"
  }
  {
    "type"  : "sphere"
    "rgb"   : "255 176 97"
    "round%": "1"
    "top_v%": "-0.02"
    "line_w": "1"
    "r"     : "0.927184 0.374607 6.58804e-15 -0.374607 0.927184 -2.66174e-15 -7.10543e-15 0 1"
    "t"     : "-372.344 -67.7434 4.55899"
    "s"     : "5.20278 1.9221 1.95986"
  }
  {
    "type"  : "sphere"
    "rgb"   : "255 176 97"
    "round%": "1"
    "top_v%": "-0.02"
    "line_w": "1"
    "r"     : "-0.178113 0.288028 0.940913 -0.0437274 0.952941 -0.299987 -0.983038 -0.0945756 -0.157137"
    "t"     : "-400.885 -46.799 3.19257"
    "s"     : "4.78963 2.23253 1"
  }
  ]
]
"object" :
[
  {
    "name"  : "sand"
  }
  {
    "name"  : "acc1"
  }
  {
  }
  {
  }
  {
  }
  {
  }
  {
  }
]
"palette" :
[
  "0 0 0"
  "255 255 255"
  "255 255 204"
  "255 255 153"
  "255 255 102"
  "255 255 51"
  "255 255 0"
  "255 204 255"
  "255 204 204"
  "255 204 153"
  "255 204 102"
  "255 204 51"
  "255 204 0"
  "255 153 255"
  "255 153 204"
  "255 153 153"
  "255 153 102"
  "255 153 51"
  "255 153 0"
  "255 102 255"
  "255 102 204"
  "255 102 153"
  "255 102 102"
  "255 102 51"
  "255 102 0"
  "255 51 255"
  "255 51 204"
  "255 51 153"
  "255 51 102"
  "255 51 51"
  "255 51 0"
  "255 0 255"
  "255 0 204"
  "255 0 153"
  "255 0 102"
  "255 0 51"
  "255 0 0"
  "204 255 255"
  "204 255 204"
  "204 255 153"
  "204 255 102"
  "204 255 51"
  "204 255 0"
  "204 204 255"
  "204 204 204"
  "204 204 153"
  "204 204 102"
  "204 204 51"
  "204 204 0"
  "204 153 255"
  "204 153 204"
  "204 153 153"
  "204 153 102"
  "204 153 51"
  "204 153 0"
  "204 102 255"
  "204 102 204"
  "204 102 153"
  "204 102 102"
  "204 102 51"
  "204 102 0"
  "204 51 255"
  "204 51 204"
  "204 51 153"
  "204 51 102"
  "204 51 51"
  "204 51 0"
  "204 0 255"
  "204 0 204"
  "204 0 153"
  "204 0 102"
  "204 0 51"
  "204 0 0"
  "153 255 255"
  "153 255 204"
  "153 255 153"
  "153 255 102"
  "153 255 51"
  "153 255 0"
  "153 204 255"
  "153 204 204"
  "153 204 153"
  "153 204 102"
  "153 204 51"
  "153 204 0"
  "153 153 255"
  "153 153 204"
  "153 153 153"
  "153 153 102"
  "153 153 51"
  "153 153 0"
  "153 102 255"
  "153 102 204"
  "153 102 153"
  "153 102 102"
  "153 102 51"
  "153 102 0"
  "153 51 255"
  "153 51 204"
  "153 51 153"
  "153 51 102"
  "153 51 51"
  "153 51 0"
  "153 0 255"
  "153 0 204"
  "153 0 153"
  "153 0 102"
  "153 0 51"
  "153 0 0"
  "102 255 255"
  "102 255 204"
  "102 255 153"
  "102 255 102"
  "102 255 51"
  "102 255 0"
  "102 204 255"
  "102 204 204"
  "102 204 153"
  "102 204 102"
  "102 204 51"
  "102 204 0"
  "102 153 255"
  "102 153 204"
  "102 153 153"
  "102 153 102"
  "102 153 51"
  "102 153 0"
  "102 102 255"
  "102 102 204"
  "102 102 153"
  "102 102 102"
  "102 102 51"
  "102 102 0"
  "102 51 255"
  "102 51 204"
  "102 51 153"
  "102 51 102"
  "102 51 51"
  "102 51 0"
  "102 0 255"
  "102 0 204"
  "102 0 153"
  "102 0 102"
  "102 0 51"
  "102 0 0"
  "51 255 255"
  "51 255 204"
  "51 255 153"
  "51 255 102"
  "51 255 51"
  "51 255 0"
  "51 204 255"
  "51 204 204"
  "51 204 153"
  "51 204 102"
  "51 204 51"
  "51 204 0"
  "51 153 255"
  "51 153 204"
  "51 153 153"
  "51 153 102"
  "51 153 51"
  "51 153 0"
  "51 102 255"
  "51 102 204"
  "51 102 153"
  "51 102 102"
  "51 102 51"
  "51 102 0"
  "51 51 255"
  "51 51 204"
  "51 51 153"
  "51 51 102"
  "51 51 51"
  "51 51 0"
  "51 0 255"
  "51 0 204"
  "51 0 153"
  "51 0 102"
  "51 0 51"
  "51 0 0"
  "0 255 255"
  "0 255 204"
  "0 255 153"
  "0 255 102"
  "0 255 51"
  "0 255 0"
  "0 204 255"
  "0 204 204"
  "0 204 153"
  "0 204 102"
  "0 204 51"
  "0 204 0"
  "0 153 255"
  "0 153 204"
  "0 153 153"
  "0 153 102"
  "0 153 51"
  "0 153 0"
  "0 102 255"
  "0 102 204"
  "0 102 153"
  "0 102 102"
  "0 102 51"
  "0 102 0"
  "0 51 255"
  "0 51 204"
  "0 51 153"
  "0 51 102"
  "0 51 51"
  "0 51 0"
  "0 0 255"
  "0 0 204"
  "0 0 153"
  "0 0 102"
  "0 0 51"
  "238 0 0"
  "221 0 0"
  "187 0 0"
  "170 0 0"
  "136 0 0"
  "119 0 0"
  "85 0 0"
  "68 0 0"
  "34 0 0"
  "17 0 0"
  "0 238 0"
  "0 221 0"
  "0 187 0"
  "0 170 0"
  "0 136 0"
  "0 119 0"
  "0 85 0"
  "0 68 0"
  "0 34 0"
  "0 17 0"
  "0 0 238"
  "0 0 221"
  "0 0 187"
  "0 0 170"
  "0 0 136"
  "0 0 119"
  "0 0 85"
  "0 0 68"
  "0 0 34"
  "0 0 17"
  "238 238 238"
  "221 221 221"
  "187 187 187"
  "170 170 170"
  "136 136 136"
  "119 119 119"
  "85 85 85"
  "68 68 68"
  "34 34 34"
  "17 17 17"
]
