"csg" :
[
  [
  {
    "type"  : "cube"
    "rgb"   : "0 117 31"
    "round%": "0.1"
    "line_w": "1"
    "r"     : "8.21841e-08 -7.25216e-08 1 1 -1.14531e-15 -8.21841e-08 7.10543e-15 1 7.25216e-08"
    "t"     : "-9.87909 -45.3252 -2.47515e-06"
    "s"     : "19.1124 443.007 478.328"
  }
  {
    "type"  : "cylinder"
    "mode"  : "sub"
    "rgb"   : "149 148 89"
    "line_w": "64"
    "r"     : "1 0 0 0 1 0 0 0 1"
    "t"     : "-354.101 -426.782 21.4042"
    "s"     : "449.276 439.328 19.9352"
  }
  {
    "type"  : "cylinder"
    "rgb"   : "59 157 255"
    "line_w": "64"
    "r"     : "1 0 0 0 1 0 0 0 1"
    "t"     : "-354.101 -426.782 5.16189"
    "s"     : "449.276 439.328 4.85897"
  }
  {
    "type"  : "cube"
    "mode"  : "inter"
    "rgb"   : "0 117 31"
    "line_w": "1"
    "r"     : "8.21841e-08 -7.25216e-08 1 1 -1.14531e-15 -8.21841e-08 7.10543e-15 1 7.25216e-08"
    "t"     : "-48.4295 6.01992 472.927"
    "s"     : "500 500 448.655"
  }
  {
    "type"  : "cube"
    "mode"  : "inter"
    "rgb"   : "0 117 31"
    "line_w": "1"
    "r"     : "8.21841e-08 -7.25216e-08 1 1 -1.14531e-15 -8.21841e-08 7.10543e-15 1 7.25216e-08"
    "t"     : "-9.87906 -45.3252 340.623"
    "s"     : "352.99 443.007 478.328"
  }
  ]
  [
  {
    "name"  : "shoes"
    "type"  : "sphere"
    "mode"  : "sub"
    "rgb"   : "241 168 95"
    "round%": "0.1"
    "line_w": "1"
    "r"     : "1 0 0 0 1 0 0 0 1"
    "t"     : "0 0 -1.52185"
    "s"     : "1 1 1"
  }
  ]
  [
  {
    "type"  : "bezier"
    "rgb"   : "0 117 31"
    "top_v%": "-0.02"
    "line_w": "1"
    "r"     : "8.21841e-08 -7.25216e-08 1 0.615662 -0.788011 -1.07745e-07 0.788011 0.615662 -2.01132e-08"
    "t"     : "-277.221 327.225 28.3648"
    "s"     : "19.1124 4.74658 2.04047"
  }
  {
    "type"  : "bezier"
    "rgb"   : "0 117 31"
    "top_v%": "-0.02"
    "line_w": "1"
    "r"     : "-0.177264 -0.138494 0.97437 0.615662 -0.78801 -1.49012e-07 0.767814 0.599882 0.224951"
    "t"     : "-280.297 324.822 15.8522"
    "s"     : "14.047 4.74658 2.04047"
  }
  {
    "type"  : "bezier"
    "rgb"   : "0 117 31"
    "top_v%": "-0.02"
    "line_w": "1"
    "r"     : "0.262699 -0.00807474 0.964844 -0.8524 -0.470492 0.228146 0.452109 -0.882367 -0.130481"
    "t"     : "-273.311 321.113 30.5444"
    "s"     : "14.047 1.27176 2.04047"
  }
  {
    "type"  : "bezier"
    "rgb"   : "0 117 31"
    "top_v%": "-0.02"
    "line_w": "1"
    "r"     : "8.21841e-08 -7.25216e-08 1 0.573576 -0.819152 -1.06545e-07 0.819152 0.573576 -2.57246e-08"
    "t"     : "256.446 -410.204 28.3647"
    "s"     : "19.1124 4.74658 2.04047"
  }
  {
    "type"  : "bezier"
    "rgb"   : "0 117 31"
    "top_v%": "-0.02"
    "line_w": "1"
    "r"     : "-0.184269 -0.129027 0.97437 0.573576 -0.819152 -2.75671e-07 0.798157 0.558876 0.224951"
    "t"     : "251.543 -413.638 28.8528"
    "s"     : "14.047 4.74658 2.04047"
  }
  {
    "type"  : "bezier"
    "rgb"   : "0 117 31"
    "top_v%": "-0.02"
    "line_w": "1"
    "r"     : "0.261916 -0.021812 0.964844 -0.875856 -0.425236 0.228146 0.40531 -0.90482 -0.13048"
    "t"     : "260.032 -416.513 30.5443"
    "s"     : "14.047 1.27176 2.04047"
  }
  {
    "type"  : "bezier"
    "rgb"   : "106 91 0"
    "top_v%": "-0.02"
    "line_w": "1"
    "r"     : "0.242988 -0.0098612 0.969979 0.79731 -0.567508 -0.205503 0.552497 0.823309 -0.130035"
    "t"     : "-231.179 -416.113 23.9095"
    "s"     : "27.3133 4.74658 2.04047"
  }
  {
    "type"  : "bezier"
    "rgb"   : "106 91 0"
    "top_v%": "-0.02"
    "line_w": "1"
    "r"     : "0.112476 -0.194813 0.97437 0.79731 -0.567508 -0.205503 0.592997 0.799989 0.0914953"
    "t"     : "-234.368 -421.046 25.1613"
    "s"     : "14.047 4.74658 2.04047"
  }
  {
    "type"  : "bezier"
    "rgb"   : "106 91 0"
    "top_v%": "-0.02"
    "line_w": "1"
    "r"     : "0.480096 0.061429 0.875063 -0.598531 -0.706332 0.377963 0.641303 -0.70521 -0.30234"
    "t"     : "-225.266 -420.794 24.6277"
    "s"     : "14.047 1.27176 2.04047"
  }
  {
    "type"  : "bezier"
    "rgb"   : "0 117 31"
    "top_v%": "-0.02"
    "line_w": "1"
    "r"     : "8.21841e-08 -7.25216e-08 1 0.292372 -0.956305 -9.3381e-08 0.956305 0.292372 -5.73897e-08"
    "t"     : "-356.308 268.34 28.3648"
    "s"     : "19.1124 4.74658 2.04047"
  }
  {
    "type"  : "bezier"
    "rgb"   : "0 117 31"
    "top_v%": "-0.02"
    "line_w": "1"
    "r"     : "-0.215122 -0.0657695 0.97437 0.292372 -0.956305 -7.07805e-08 0.931795 0.284878 0.224951"
    "t"     : "-362.033 266.591 28.8529"
    "s"     : "14.047 4.74658 2.04047"
  }
  {
    "type"  : "bezier"
    "rgb"   : "0 117 31"
    "top_v%": "-0.02"
    "line_w": "1"
    "r"     : "0.242357 -0.101681 0.964844 -0.964393 -0.13377 0.228146 0.105869 -0.985782 -0.130481"
    "t"     : "-354.849 261.233 30.5444"
    "s"     : "14.047 1.27176 2.04047"
  }
  {
    "type"  : "bezier"
    "rgb"   : "0 117 31"
    "top_v%": "-0.02"
    "line_w": "1"
    "r"     : "8.21841e-08 -7.25216e-08 1 0.906308 -0.422619 -1.05133e-07 0.422619 0.906308 3.09943e-08"
    "t"     : "422.902 -146.692 28.3647"
    "s"     : "19.1124 4.74658 2.04047"
  }
  {
    "type"  : "bezier"
    "rgb"   : "0 117 31"
    "top_v%": "-0.02"
    "line_w": "1"
    "r"     : "-0.0950683 -0.203875 0.97437 0.906308 -0.422618 -2.6077e-07 0.411787 0.883079 0.224951"
    "t"     : "420.373 -152.117 28.8528"
    "s"     : "14.047 4.74658 2.04047"
  }
  {
    "type"  : "bezier"
    "rgb"   : "0 117 31"
    "top_v%": "-0.02"
    "line_w": "1"
    "r"     : "0.237732 0.112068 0.964844 -0.545896 -0.806193 0.228146 0.803419 -0.580942 -0.13048"
    "t"     : "429.162 -150.362 30.5443"
    "s"     : "14.047 1.27176 2.04047"
  }
  {
    "type"  : "bezier"
    "rgb"   : "106 91 0"
    "top_v%": "-0.02"
    "line_w": "1"
    "r"     : "-0.102361 -0.0190622 0.994565 -0.305389 -0.950932 -0.0496567 0.94671 -0.308812 0.091517"
    "t"     : "-341.771 -335.097 22.5593"
    "s"     : "14.047 4.74658 2.04047"
  }
  {
    "type"  : "bezier"
    "rgb"   : "106 91 0"
    "top_v%": "-0.02"
    "line_w": "1"
    "r"     : "0.248932 -0.30472 0.919336 -0.83607 0.411542 0.362794 -0.488896 -0.858941 -0.152321"
    "t"     : "-338.769 -343.689 23.1607"
    "s"     : "14.047 1.27176 2.04047"
  }
  ]
  [
  {
    "type"  : "joint"
    "rgb"   : "255 255 255"
    "round%": "0.1"
    "line_w": "1"
    "r"     : "-0.309017 -0.951057 0 0.951057 -0.309017 0 0 0 1"
    "t"     : "-252.465 -239.528 33.0326"
    "s"     : "13.4029 13.4029 14.0254"
  }
  {
    "type"  : "sphere"
    "rgb"   : "0 0 0"
    "round%": "0.1"
    "line_w": "1"
    "r"     : "-0.309017 -0.951057 0 0.951057 -0.309017 0 0 0 1"
    "t"     : "-251.22 -252.255 47.9141"
    "s"     : "5.36133 5.36133 5.61032"
  }
  {
    "type"  : "sphere"
    "rgb"   : "0 0 0"
    "round%": "0.1"
    "line_w": "1"
    "r"     : "-0.309017 -0.951057 0 0.951057 -0.309017 0 0 0 1"
    "t"     : "-245.223 -229.073 48.3571"
    "s"     : "5.36133 5.36133 5.61032"
  }
  {
    "type"  : "joint"
    "rgb"   : "255 221 0"
    "round%": "0.1"
    "line_w": "1"
    "r"     : "-0.309017 -0.951057 -1.31134e-07 8.20946e-08 1.11208e-07 -1 0.951057 -0.309017 4.37114e-08"
    "t"     : "-232.57 -246.595 43.8338"
    "s"     : "5.87941 5.87941 6.97163"
  }
  {
    "type"  : "joint"
    "rgb"   : "255 255 255"
    "round%": "0.1"
    "line_w": "1"
    "r"     : "0.309017 0.951057 8.74228e-08 -1.45569e-08 9.66516e-08 -1 -0.951057 0.309017 4.37114e-08"
    "t"     : "-273.495 -232.695 14.4493"
    "s"     : "11.2429 11.2429 23.3942"
  }
  {
    "type"  : "cylinder"
    "rgb"   : "255 255 255"
    "round%": "0.1"
    "line_w": "1"
    "r"     : "0.951057 -0.309017 -1.64203e-15 2.65951e-15 2.87141e-15 1 -0.309017 -0.951057 3.5527e-15"
    "t"     : "-268.414 -220.429 14.44"
    "s"     : "28.4315 7.89032 1.85272"
  }
  {
    "type"  : "cylinder"
    "rgb"   : "255 255 255"
    "round%": "0.1"
    "line_w": "1"
    "r"     : "0.881804 -0.286516 -0.374607 -0.309017 -0.951057 7.45058e-09 -0.356272 0.11576 -0.927184"
    "t"     : "-299.129 -224.575 14.8773"
    "s"     : "16.4551 7.89032 1.85272"
  }
  {
    "type"  : "cylinder"
    "rgb"   : "255 255 255"
    "round%": "0.1"
    "line_w": "1"
    "r"     : "0.951057 -0.309017 -1.64203e-15 2.65951e-15 2.87141e-15 1 -0.309017 -0.951057 3.5527e-15"
    "t"     : "-276.652 -245.782 14.44"
    "s"     : "28.4315 7.89032 1.85272"
  }
  ]
]
"object" :
[
  {
    "name"  : "sand"
  }
  {
    "name"  : "acc1"
  }
  {
  }
  {
  }
]
"palette" :
[
  "0 0 0"
  "255 255 255"
  "255 255 204"
  "255 255 153"
  "255 255 102"
  "255 255 51"
  "255 255 0"
  "255 204 255"
  "255 204 204"
  "255 204 153"
  "255 204 102"
  "255 204 51"
  "255 204 0"
  "255 153 255"
  "255 153 204"
  "255 153 153"
  "255 153 102"
  "255 153 51"
  "255 153 0"
  "255 102 255"
  "255 102 204"
  "255 102 153"
  "255 102 102"
  "255 102 51"
  "255 102 0"
  "255 51 255"
  "255 51 204"
  "255 51 153"
  "255 51 102"
  "255 51 51"
  "255 51 0"
  "255 0 255"
  "255 0 204"
  "255 0 153"
  "255 0 102"
  "255 0 51"
  "255 0 0"
  "204 255 255"
  "204 255 204"
  "204 255 153"
  "204 255 102"
  "204 255 51"
  "204 255 0"
  "204 204 255"
  "204 204 204"
  "204 204 153"
  "204 204 102"
  "204 204 51"
  "204 204 0"
  "204 153 255"
  "204 153 204"
  "204 153 153"
  "204 153 102"
  "204 153 51"
  "204 153 0"
  "204 102 255"
  "204 102 204"
  "204 102 153"
  "204 102 102"
  "204 102 51"
  "204 102 0"
  "204 51 255"
  "204 51 204"
  "204 51 153"
  "204 51 102"
  "204 51 51"
  "204 51 0"
  "204 0 255"
  "204 0 204"
  "204 0 153"
  "204 0 102"
  "204 0 51"
  "204 0 0"
  "153 255 255"
  "153 255 204"
  "153 255 153"
  "153 255 102"
  "153 255 51"
  "153 255 0"
  "153 204 255"
  "153 204 204"
  "153 204 153"
  "153 204 102"
  "153 204 51"
  "153 204 0"
  "153 153 255"
  "153 153 204"
  "153 153 153"
  "153 153 102"
  "153 153 51"
  "153 153 0"
  "153 102 255"
  "153 102 204"
  "153 102 153"
  "153 102 102"
  "153 102 51"
  "153 102 0"
  "153 51 255"
  "153 51 204"
  "153 51 153"
  "153 51 102"
  "153 51 51"
  "153 51 0"
  "153 0 255"
  "153 0 204"
  "153 0 153"
  "153 0 102"
  "153 0 51"
  "153 0 0"
  "102 255 255"
  "102 255 204"
  "102 255 153"
  "102 255 102"
  "102 255 51"
  "102 255 0"
  "102 204 255"
  "102 204 204"
  "102 204 153"
  "102 204 102"
  "102 204 51"
  "102 204 0"
  "102 153 255"
  "102 153 204"
  "102 153 153"
  "102 153 102"
  "102 153 51"
  "102 153 0"
  "102 102 255"
  "102 102 204"
  "102 102 153"
  "102 102 102"
  "102 102 51"
  "102 102 0"
  "102 51 255"
  "102 51 204"
  "102 51 153"
  "102 51 102"
  "102 51 51"
  "102 51 0"
  "102 0 255"
  "102 0 204"
  "102 0 153"
  "102 0 102"
  "102 0 51"
  "102 0 0"
  "51 255 255"
  "51 255 204"
  "51 255 153"
  "51 255 102"
  "51 255 51"
  "51 255 0"
  "51 204 255"
  "51 204 204"
  "51 204 153"
  "51 204 102"
  "51 204 51"
  "51 204 0"
  "51 153 255"
  "51 153 204"
  "51 153 153"
  "51 153 102"
  "51 153 51"
  "51 153 0"
  "51 102 255"
  "51 102 204"
  "51 102 153"
  "51 102 102"
  "51 102 51"
  "51 102 0"
  "51 51 255"
  "51 51 204"
  "51 51 153"
  "51 51 102"
  "51 51 51"
  "51 51 0"
  "51 0 255"
  "51 0 204"
  "51 0 153"
  "51 0 102"
  "51 0 51"
  "51 0 0"
  "0 255 255"
  "0 255 204"
  "0 255 153"
  "0 255 102"
  "0 255 51"
  "0 255 0"
  "0 204 255"
  "0 204 204"
  "0 204 153"
  "0 204 102"
  "0 204 51"
  "0 204 0"
  "0 153 255"
  "0 153 204"
  "0 153 153"
  "0 153 102"
  "0 153 51"
  "0 153 0"
  "0 102 255"
  "0 102 204"
  "0 102 153"
  "0 102 102"
  "0 102 51"
  "0 102 0"
  "0 51 255"
  "0 51 204"
  "0 51 153"
  "0 51 102"
  "0 51 51"
  "0 51 0"
  "0 0 255"
  "0 0 204"
  "0 0 153"
  "0 0 102"
  "0 0 51"
  "238 0 0"
  "221 0 0"
  "187 0 0"
  "170 0 0"
  "136 0 0"
  "119 0 0"
  "85 0 0"
  "68 0 0"
  "34 0 0"
  "17 0 0"
  "0 238 0"
  "0 221 0"
  "0 187 0"
  "0 170 0"
  "0 136 0"
  "0 119 0"
  "0 85 0"
  "0 68 0"
  "0 34 0"
  "0 17 0"
  "0 0 238"
  "0 0 221"
  "0 0 187"
  "0 0 170"
  "0 0 136"
  "0 0 119"
  "0 0 85"
  "0 0 68"
  "0 0 34"
  "0 0 17"
  "238 238 238"
  "221 221 221"
  "187 187 187"
  "170 170 170"
  "136 136 136"
  "119 119 119"
  "85 85 85"
  "68 68 68"
  "34 34 34"
  "17 17 17"
]
