"csg" :
[
  [
  {
    "type"  : "cube"
    "rgb"   : "241 168 95"
    "round%": "0.1"
    "line_w": "1"
    "r"     : "8.21841e-08 -7.25216e-08 1 1 -1.14531e-15 -8.21841e-08 7.10543e-15 1 7.25216e-08"
    "t"     : "10.6456 -1.21925e-14 -8.74898e-07"
    "s"     : "19.1124 433.569 500"
  }
  {
    "type"  : "sphere"
    "rgb"   : "241 168 95"
    "round%": "0.1"
    "line_w": "1"
    "r"     : "8.21841e-08 -7.25216e-08 1 1 -1.14531e-15 -8.21841e-08 7.10543e-15 1 7.25216e-08"
    "t"     : "-197.28 159.694 18.0761"
    "s"     : "5.95336 54.868 54.868"
  }
  {
    "type"  : "sphere"
    "rgb"   : "241 168 95"
    "blend" : "9"
    "round%": "0.1"
    "line_w": "1"
    "r"     : "8.21841e-08 -7.25216e-08 1 1 -1.14531e-15 -8.21841e-08 7.10543e-15 1 7.25216e-08"
    "t"     : "181.639 -271.862 19.9317"
    "s"     : "19.2582 212.173 201.631"
  }
  {
    "type"  : "cube"
    "mode"  : "inter"
    "rgb"   : "241 168 95"
    "line_w": "1"
    "r"     : "1 1.32349e-22 -4.90454e-44 -1.32349e-22 1 -3.70577e-22 0 3.70577e-22 1"
    "t"     : "0 26.9709 479.998"
    "s"     : "500 500 500"
  }
  ]
  [
  {
    "name"  : "shoes"
    "type"  : "sphere"
    "mode"  : "sub"
    "rgb"   : "241 168 95"
    "round%": "0.1"
    "line_w": "1"
    "r"     : "1 0 0 0 1 0 0 0 1"
    "t"     : "0 0 4.04961"
    "s"     : "1 1 1"
  }
  ]
  [
  {
    "type"  : "sphere"
    "rgb"   : "255 189 66"
    "blend" : "14.6442"
    "bevel%": "1"
    "top_v%": "-0.13"
    "line_w": "20"
    "r"     : "0.978038 0.104671 0.180239 -0.178807 0.865707 0.467524 -0.107098 -0.489484 0.86541"
    "t"     : "-231.209 -244.095 392.289"
    "s"     : "216.296 204.706 204.706"
  }
  {
    "type"  : "cube"
    "mode"  : "sub"
    "rgb"   : "255 189 66"
    "blend" : "15.4366"
    "top_v%": "-0.13"
    "line_w": "20"
    "r"     : "0.978038 0.104671 0.180239 -0.178807 0.865707 0.467524 -0.107098 -0.489484 0.86541"
    "t"     : "-213.4 -181.041 282.344"
    "s"     : "290.307 215.783 168.88"
  }
  {
    "type"  : "sphere"
    "mode"  : "sub"
    "rgb"   : "255 189 66"
    "blend" : "14.6442"
    "bevel%": "1"
    "top_v%": "-0.13"
    "line_w": "20"
    "r"     : "0.978038 0.104671 0.180239 -0.178807 0.865707 0.467524 -0.107098 -0.489484 0.86541"
    "t"     : "-228.05 -229.654 366.757"
    "s"     : "205.004 204.706 204.706"
  }
  {
    "type"  : "cube"
    "mode"  : "rep"
    "rgb"   : "223 165 57"
    "top_v%": "-0.13"
    "line_w": "20"
    "r"     : "0.978038 0.104671 0.180239 -0.178807 0.865707 0.467524 -0.107098 -0.489484 0.86541"
    "t"     : "-247.363 -317.922 522.815"
    "s"     : "5.45679 208.279 197.414"
  }
  {
    "type"  : "cube"
    "mode"  : "rep"
    "rgb"   : "223 165 57"
    "top_v%": "-0.13"
    "line_w": "20"
    "r"     : "-0.178807 0.865707 0.467524 -0.978038 -0.104671 -0.180239 -0.107098 -0.489484 0.86541"
    "t"     : "-259.186 -319.188 520.636"
    "s"     : "5.45679 268.117 197.414"
  }
  {
    "type"  : "cube"
    "mode"  : "rep"
    "rgb"   : "223 165 57"
    "top_v%": "-0.13"
    "line_w": "20"
    "r"     : "-0.743042 0.617745 0.257448 -0.66062 -0.615464 -0.429867 -0.107098 -0.489484 0.865411"
    "t"     : "-254.857 -322.786 519.136"
    "s"     : "5.45679 268.117 197.414"
  }
  {
    "type"  : "cube"
    "mode"  : "rep"
    "rgb"   : "223 165 57"
    "top_v%": "-0.13"
    "line_w": "20"
    "r"     : "-0.461238 -0.746629 -0.47938 0.880789 -0.450501 -0.145806 -0.107098 -0.489484 0.86541"
    "t"     : "-256.555 -314.929 523.371"
    "s"     : "5.45679 268.117 197.414"
  }
  {
    "type"  : "cylinder"
    "rgb"   : "255 255 255"
    "blend" : "2.06875"
    "bevel%": "1"
    "top_v%": "-0.13"
    "line_w": "20"
    "r"     : "1 -1.44596e-07 -1.96514e-07 1.95733e-07 0.956305 0.292372 1.45651e-07 -0.292372 0.956305"
    "t"     : "-231.954 -253.583 257.175"
    "s"     : "5.78368 5.78368 256.95"
  }
  {
    "type"  : "sphere"
    "rgb"   : "255 255 255"
    "blend" : "2.35346"
    "bevel%": "1"
    "top_v%": "-0.13"
    "line_w": "20"
    "r"     : "1 -1.44596e-07 -1.96514e-07 1.95733e-07 0.956305 0.292372 1.45651e-07 -0.292372 0.956305"
    "t"     : "-231.954 -337.316 531.053"
    "s"     : "6.57966 6.57966 11.4848"
  }
  {
    "type"  : "cylinder"
    "rgb"   : "255 255 255"
    "blend" : "2.35346"
    "bevel%": "1"
    "top_v%": "-0.13"
    "line_w": "20"
    "r"     : "1 -1.44596e-07 -1.96514e-07 1.95733e-07 0.956305 0.292372 1.45651e-07 -0.292372 0.956305"
    "t"     : "-231.954 -241.329 217.092"
    "s"     : "9.79817 11.8876 27.7923"
  }
  ]
]
"object" :
[
  {
    "name"  : "sand"
  }
  {
    "name"  : "acc1"
  }
  {
  }
]
"palette" :
[
  "0 0 0"
  "255 255 255"
  "255 255 204"
  "255 255 153"
  "255 255 102"
  "255 255 51"
  "255 255 0"
  "255 204 255"
  "255 204 204"
  "255 204 153"
  "255 204 102"
  "255 204 51"
  "255 204 0"
  "255 153 255"
  "255 153 204"
  "255 153 153"
  "255 153 102"
  "255 153 51"
  "255 153 0"
  "255 102 255"
  "255 102 204"
  "255 102 153"
  "255 102 102"
  "255 102 51"
  "255 102 0"
  "255 51 255"
  "255 51 204"
  "255 51 153"
  "255 51 102"
  "255 51 51"
  "255 51 0"
  "255 0 255"
  "255 0 204"
  "255 0 153"
  "255 0 102"
  "255 0 51"
  "255 0 0"
  "204 255 255"
  "204 255 204"
  "204 255 153"
  "204 255 102"
  "204 255 51"
  "204 255 0"
  "204 204 255"
  "204 204 204"
  "204 204 153"
  "204 204 102"
  "204 204 51"
  "204 204 0"
  "204 153 255"
  "204 153 204"
  "204 153 153"
  "204 153 102"
  "204 153 51"
  "204 153 0"
  "204 102 255"
  "204 102 204"
  "204 102 153"
  "204 102 102"
  "204 102 51"
  "204 102 0"
  "204 51 255"
  "204 51 204"
  "204 51 153"
  "204 51 102"
  "204 51 51"
  "204 51 0"
  "204 0 255"
  "204 0 204"
  "204 0 153"
  "204 0 102"
  "204 0 51"
  "204 0 0"
  "153 255 255"
  "153 255 204"
  "153 255 153"
  "153 255 102"
  "153 255 51"
  "153 255 0"
  "153 204 255"
  "153 204 204"
  "153 204 153"
  "153 204 102"
  "153 204 51"
  "153 204 0"
  "153 153 255"
  "153 153 204"
  "153 153 153"
  "153 153 102"
  "153 153 51"
  "153 153 0"
  "153 102 255"
  "153 102 204"
  "153 102 153"
  "153 102 102"
  "153 102 51"
  "153 102 0"
  "153 51 255"
  "153 51 204"
  "153 51 153"
  "153 51 102"
  "153 51 51"
  "153 51 0"
  "153 0 255"
  "153 0 204"
  "153 0 153"
  "153 0 102"
  "153 0 51"
  "153 0 0"
  "102 255 255"
  "102 255 204"
  "102 255 153"
  "102 255 102"
  "102 255 51"
  "102 255 0"
  "102 204 255"
  "102 204 204"
  "102 204 153"
  "102 204 102"
  "102 204 51"
  "102 204 0"
  "102 153 255"
  "102 153 204"
  "102 153 153"
  "102 153 102"
  "102 153 51"
  "102 153 0"
  "102 102 255"
  "102 102 204"
  "102 102 153"
  "102 102 102"
  "102 102 51"
  "102 102 0"
  "102 51 255"
  "102 51 204"
  "102 51 153"
  "102 51 102"
  "102 51 51"
  "102 51 0"
  "102 0 255"
  "102 0 204"
  "102 0 153"
  "102 0 102"
  "102 0 51"
  "102 0 0"
  "51 255 255"
  "51 255 204"
  "51 255 153"
  "51 255 102"
  "51 255 51"
  "51 255 0"
  "51 204 255"
  "51 204 204"
  "51 204 153"
  "51 204 102"
  "51 204 51"
  "51 204 0"
  "51 153 255"
  "51 153 204"
  "51 153 153"
  "51 153 102"
  "51 153 51"
  "51 153 0"
  "51 102 255"
  "51 102 204"
  "51 102 153"
  "51 102 102"
  "51 102 51"
  "51 102 0"
  "51 51 255"
  "51 51 204"
  "51 51 153"
  "51 51 102"
  "51 51 51"
  "51 51 0"
  "51 0 255"
  "51 0 204"
  "51 0 153"
  "51 0 102"
  "51 0 51"
  "51 0 0"
  "0 255 255"
  "0 255 204"
  "0 255 153"
  "0 255 102"
  "0 255 51"
  "0 255 0"
  "0 204 255"
  "0 204 204"
  "0 204 153"
  "0 204 102"
  "0 204 51"
  "0 204 0"
  "0 153 255"
  "0 153 204"
  "0 153 153"
  "0 153 102"
  "0 153 51"
  "0 153 0"
  "0 102 255"
  "0 102 204"
  "0 102 153"
  "0 102 102"
  "0 102 51"
  "0 102 0"
  "0 51 255"
  "0 51 204"
  "0 51 153"
  "0 51 102"
  "0 51 51"
  "0 51 0"
  "0 0 255"
  "0 0 204"
  "0 0 153"
  "0 0 102"
  "0 0 51"
  "238 0 0"
  "221 0 0"
  "187 0 0"
  "170 0 0"
  "136 0 0"
  "119 0 0"
  "85 0 0"
  "68 0 0"
  "34 0 0"
  "17 0 0"
  "0 238 0"
  "0 221 0"
  "0 187 0"
  "0 170 0"
  "0 136 0"
  "0 119 0"
  "0 85 0"
  "0 68 0"
  "0 34 0"
  "0 17 0"
  "0 0 238"
  "0 0 221"
  "0 0 187"
  "0 0 170"
  "0 0 136"
  "0 0 119"
  "0 0 85"
  "0 0 68"
  "0 0 34"
  "0 0 17"
  "238 238 238"
  "221 221 221"
  "187 187 187"
  "170 170 170"
  "136 136 136"
  "119 119 119"
  "85 85 85"
  "68 68 68"
  "34 34 34"
  "17 17 17"
]
