"csg" :
[
  [
  {
    "type"  : "cylinder"
    "rgb"   : "255 165 0"
    "bevel%": "1"
    "round%": "0.89"
    "top_v%": "-0.07"
    "line_w": "12"
    "r"     : "5.90731e-08 -1.49012e-08 1 -0.99863 -0.0523359 5.82123e-08 0.0523359 -0.99863 -1.79724e-08"
    "t"     : "215.775 189.295 265.473"
    "s"     : "222.573 47.8457 7.17206"
  }
  {
    "type"  : "cube"
    "mode"  : "rep"
    "rgb"   : "136 136 136"
    "top_v%": "-0.07"
    "line_w": "12"
    "r"     : "-5.42551e-08 -7.70318e-08 -1 -0.0523359 0.99863 -7.40867e-08 0.99863 0.0523359 -5.82123e-08"
    "t"     : "214.7 195.061 265.473"
    "s"     : "222.573 24.2531 2.58415"
  }
  {
    "type"  : "cylinder"
    "rgb"   : "255 36 40"
    "bevel%": "1"
    "round%": "1"
    "top_v%": "-0.07"
    "line_w": "12"
    "r"     : "-0.0503086 0.959944 -0.275637 -0.0144255 0.275259 0.961262 0.99863 0.0523359 -2.22586e-07"
    "t"     : "189.819 200.315 130.179"
    "s"     : "16.1988 11.8634 4.27258"
  }
  {
    "type"  : "cylinder"
    "rgb"   : "255 36 40"
    "bevel%": "1"
    "round%": "1"
    "top_v%": "-0.07"
    "line_w": "12"
    "r"     : "-0.0503086 0.959944 -0.275637 -0.0144255 0.275259 0.961262 0.99863 0.0523359 -2.22586e-07"
    "t"     : "239.432 202.915 130.178"
    "s"     : "16.1988 11.8634 4.27258"
  }
  {
    "type"  : "cylinder"
    "rgb"   : "255 36 40"
    "bevel%": "1"
    "round%": "1"
    "top_v%": "-0.07"
    "line_w": "12"
    "r"     : "-0.0503086 0.959944 -0.275637 -0.0144255 0.275259 0.961262 0.99863 0.0523359 -2.22586e-07"
    "t"     : "215.267 198.629 86.6885"
    "s"     : "16.1988 11.8634 4.27258"
  }
  {
    "type"  : "cube"
    "rgb"   : "103 103 103"
    "top_v%": "-0.07"
    "line_w": "12"
    "r"     : "-5.42551e-08 -7.70318e-08 -1 -0.0523359 0.99863 -7.40867e-08 0.99863 0.0523359 -5.82123e-08"
    "t"     : "216.042 184.196 98.4169"
    "s"     : "8.9561 4.97285 2.58415"
  }
  {
    "type"  : "cylinder"
    "rgb"   : "62 62 62"
    "bevel%": "1"
    "top_v%": "-0.07"
    "line_w": "12"
    "r"     : "-5.44977e-08 -7.24018e-08 -1 -0.0523359 0.99863 -6.94504e-08 0.99863 0.0523359 -5.82122e-08"
    "t"     : "215.355 165.684 183.306"
    "s"     : "7.16022 7.40966 66.1677"
  }
  {
    "type"  : "cylinder"
    "rgb"   : "62 62 62"
    "bevel%": "1"
    "top_v%": "-0.07"
    "line_w": "12"
    "r"     : "-5.44977e-08 -7.24018e-08 -1 -0.0523359 0.99863 -6.94504e-08 0.99863 0.0523359 -5.82122e-08"
    "t"     : "212.85 213.485 183.306"
    "s"     : "7.16022 7.40966 66.1677"
  }
  {
    "type"  : "cylinder"
    "rgb"   : "62 62 62"
    "bevel%": "1"
    "top_v%": "-0.07"
    "line_w": "12"
    "r"     : "-0.99863 -0.0523358 -2.23517e-08 -0.0494845 0.944223 -0.325568 0.0170389 -0.325122 -0.945519"
    "t"     : "275.342 193.873 115.034"
    "s"     : "7.16022 7.40966 76.8645"
  }
  {
    "type"  : "cylinder"
    "rgb"   : "62 62 62"
    "bevel%": "1"
    "top_v%": "-0.07"
    "line_w": "12"
    "r"     : "-0.99863 -0.0523356 -1.04308e-07 -0.0494843 0.944223 0.325568 -0.0170387 0.325122 -0.945519"
    "t"     : "275.419 192.393 116.24"
    "s"     : "7.16022 7.40966 76.2882"
  }
  {
    "type"  : "cylinder"
    "rgb"   : "62 62 62"
    "bevel%": "1"
    "top_v%": "-0.07"
    "line_w": "12"
    "r"     : "-5.44977e-08 -7.24018e-08 -1 -0.0523359 0.99863 -6.94504e-08 0.99863 0.0523359 -5.82122e-08"
    "t"     : "215.355 165.684 46.8902"
    "s"     : "7.16022 7.40966 66.1677"
  }
  {
    "type"  : "cylinder"
    "rgb"   : "62 62 62"
    "bevel%": "1"
    "top_v%": "-0.07"
    "line_w": "12"
    "r"     : "-5.44977e-08 -7.24018e-08 -1 -0.0523359 0.99863 -6.94504e-08 0.99863 0.0523359 -5.82122e-08"
    "t"     : "212.85 213.485 46.8902"
    "s"     : "7.16022 7.40966 66.1677"
  }
  ]
  [
  {
    "type"  : "sphere"
    "mode"  : "sub"
    "rgb"   : "0 0 0"
    "blend" : "1"
    "bevel%": "0.39"
    "round%": "1"
    "cone%" : "0.68"
    "top_v%": "-0.13"
    "line_w": "20"
    "r"     : "1 -1.86265e-09 -5.23869e-09 1.86265e-09 1 1.49012e-08 5.23869e-09 -1.49012e-08 1"
    "t"     : "215.962 158.71 42.1382"
    "s"     : "5 5 5"
  }
  ]
]
"object" :
[
  {
    "name"  : "surfboard"
  }
  {
    "name"  : "ATTACH"
  }
]
"palette" :
[
  "0 0 0"
  "255 255 255"
  "255 255 204"
  "255 255 153"
  "255 255 102"
  "255 255 51"
  "255 255 0"
  "255 204 255"
  "255 204 204"
  "255 204 153"
  "255 204 102"
  "255 204 51"
  "255 204 0"
  "255 153 255"
  "255 153 204"
  "255 153 153"
  "255 153 102"
  "255 153 51"
  "255 153 0"
  "255 102 255"
  "255 102 204"
  "255 102 153"
  "255 102 102"
  "255 102 51"
  "255 102 0"
  "255 51 255"
  "255 51 204"
  "255 51 153"
  "255 51 102"
  "255 51 51"
  "255 51 0"
  "255 0 255"
  "255 0 204"
  "255 0 153"
  "255 0 102"
  "255 0 51"
  "255 0 0"
  "204 255 255"
  "204 255 204"
  "204 255 153"
  "204 255 102"
  "204 255 51"
  "204 255 0"
  "204 204 255"
  "204 204 204"
  "204 204 153"
  "204 204 102"
  "204 204 51"
  "204 204 0"
  "204 153 255"
  "204 153 204"
  "204 153 153"
  "204 153 102"
  "204 153 51"
  "204 153 0"
  "204 102 255"
  "204 102 204"
  "204 102 153"
  "204 102 102"
  "204 102 51"
  "204 102 0"
  "204 51 255"
  "204 51 204"
  "204 51 153"
  "204 51 102"
  "204 51 51"
  "204 51 0"
  "204 0 255"
  "204 0 204"
  "204 0 153"
  "204 0 102"
  "204 0 51"
  "204 0 0"
  "153 255 255"
  "153 255 204"
  "153 255 153"
  "153 255 102"
  "153 255 51"
  "153 255 0"
  "153 204 255"
  "153 204 204"
  "153 204 153"
  "153 204 102"
  "153 204 51"
  "153 204 0"
  "153 153 255"
  "153 153 204"
  "153 153 153"
  "153 153 102"
  "153 153 51"
  "153 153 0"
  "153 102 255"
  "153 102 204"
  "153 102 153"
  "153 102 102"
  "153 102 51"
  "153 102 0"
  "153 51 255"
  "153 51 204"
  "153 51 153"
  "153 51 102"
  "153 51 51"
  "153 51 0"
  "153 0 255"
  "153 0 204"
  "153 0 153"
  "153 0 102"
  "153 0 51"
  "153 0 0"
  "102 255 255"
  "102 255 204"
  "102 255 153"
  "102 255 102"
  "102 255 51"
  "102 255 0"
  "102 204 255"
  "102 204 204"
  "102 204 153"
  "102 204 102"
  "102 204 51"
  "102 204 0"
  "102 153 255"
  "102 153 204"
  "102 153 153"
  "102 153 102"
  "102 153 51"
  "102 153 0"
  "102 102 255"
  "102 102 204"
  "102 102 153"
  "102 102 102"
  "102 102 51"
  "102 102 0"
  "102 51 255"
  "102 51 204"
  "102 51 153"
  "102 51 102"
  "102 51 51"
  "102 51 0"
  "102 0 255"
  "102 0 204"
  "102 0 153"
  "102 0 102"
  "102 0 51"
  "102 0 0"
  "51 255 255"
  "51 255 204"
  "51 255 153"
  "51 255 102"
  "51 255 51"
  "51 255 0"
  "51 204 255"
  "51 204 204"
  "51 204 153"
  "51 204 102"
  "51 204 51"
  "51 204 0"
  "51 153 255"
  "51 153 204"
  "51 153 153"
  "51 153 102"
  "51 153 51"
  "51 153 0"
  "51 102 255"
  "51 102 204"
  "51 102 153"
  "51 102 102"
  "51 102 51"
  "51 102 0"
  "51 51 255"
  "51 51 204"
  "51 51 153"
  "51 51 102"
  "51 51 51"
  "51 51 0"
  "51 0 255"
  "51 0 204"
  "51 0 153"
  "51 0 102"
  "51 0 51"
  "51 0 0"
  "0 255 255"
  "0 255 204"
  "0 255 153"
  "0 255 102"
  "0 255 51"
  "0 255 0"
  "0 204 255"
  "0 204 204"
  "0 204 153"
  "0 204 102"
  "0 204 51"
  "0 204 0"
  "0 153 255"
  "0 153 204"
  "0 153 153"
  "0 153 102"
  "0 153 51"
  "0 153 0"
  "0 102 255"
  "0 102 204"
  "0 102 153"
  "0 102 102"
  "0 102 51"
  "0 102 0"
  "0 51 255"
  "0 51 204"
  "0 51 153"
  "0 51 102"
  "0 51 51"
  "0 51 0"
  "0 0 255"
  "0 0 204"
  "0 0 153"
  "0 0 102"
  "0 0 51"
  "238 0 0"
  "221 0 0"
  "187 0 0"
  "170 0 0"
  "136 0 0"
  "119 0 0"
  "85 0 0"
  "68 0 0"
  "34 0 0"
  "17 0 0"
  "0 238 0"
  "0 221 0"
  "0 187 0"
  "0 170 0"
  "0 136 0"
  "0 119 0"
  "0 85 0"
  "0 68 0"
  "0 34 0"
  "0 17 0"
  "0 0 238"
  "0 0 221"
  "0 0 187"
  "0 0 170"
  "0 0 136"
  "0 0 119"
  "0 0 85"
  "0 0 68"
  "0 0 34"
  "0 0 17"
  "238 238 238"
  "221 221 221"
  "187 187 187"
  "170 170 170"
  "136 136 136"
  "119 119 119"
  "85 85 85"
  "68 68 68"
  "34 34 34"
  "17 17 17"
]
