"csg" :
[
  [
  {
    "type"  : "cube"
    "rgb"   : "108 108 108"
    "bevel%": "0.34"
    "round%": "0.15"
    "top_v%": "-0.13"
    "line_w": "20"
    "r"     : "1 1.18852e-07 -1.45728e-07 -1.74109e-07 0.292372 -0.956305 -7.10518e-08 0.956305 0.292372"
    "t"     : "5.91854 -121.951 159.657"
    "s"     : "98.7028 84.8863 5.72944"
  }
  {
    "type"  : "cube"
    "rgb"   : "108 108 108"
    "bevel%": "0.34"
    "round%": "0.15"
    "top_v%": "-0.13"
    "line_w": "20"
    "r"     : "1 1.12073e-07 -1.26557e-07 1.31851e-08 0.694658 0.71934 1.68533e-07 -0.71934 0.694658"
    "t"     : "5.91854 -190.155 139.249"
    "s"     : "98.702 84.8863 5.72944"
  }
  {
    "type"  : "cube"
    "rgb"   : "108 108 108"
    "blend" : "0.295981"
    "hole%" : "0.9"
    "bevel%": "0.34"
    "round%": "0.15"
    "top_v%": "-0.13"
    "line_w": "20"
    "r"     : "1 1.18852e-07 -1.45728e-07 -1.74109e-07 0.292372 -0.956305 -7.10518e-08 0.956305 0.292372"
    "t"     : "5.91856 -255.266 245.705"
    "s"     : "99.6035 157.083 5.72944"
  }
  {
    "type"  : "cube"
    "rgb"   : "108 108 108"
    "blend" : "0.301505"
    "bevel%": "0.34"
    "round%": "0.15"
    "top_v%": "-0.13"
    "line_w": "20"
    "r"     : "1 1.18852e-07 -1.45728e-07 -8.00666e-08 0.970296 0.241922 1.70152e-07 -0.241922 0.970296"
    "t"     : "5.91854 -147.224 145.267"
    "s"     : "101.257 84.8863 5.72944"
  }
  {
    "type"  : "cube"
    "mode"  : "sub"
    "rgb"   : "108 108 108"
    "blend" : "0.295981"
    "bevel%": "0.34"
    "round%": "0.15"
    "top_v%": "-0.13"
    "line_w": "20"
    "r"     : "1 1.18852e-07 -1.45728e-07 -8.00666e-08 0.970296 0.241922 1.70152e-07 -0.241922 0.970296"
    "t"     : "5.91854 -162.622 207.022"
    "s"     : "91.1524 76.0183 64.6769"
  }
  {
    "type"  : "cube"
    "rgb"   : "99 73 61"
    "blend" : "0.295981"
    "bevel%": "0.34"
    "round%": "0.05"
    "top_v%": "-0.13"
    "line_w": "20"
    "r"     : "1 1.18852e-07 -1.45728e-07 -8.00666e-08 0.970296 0.241922 1.70152e-07 -0.241922 0.970296"
    "t"     : "99.8859 -159.083 224.627"
    "s"     : "14.635 76.0183 5.6772"
    "mx"    : "1"
  }
  {
    "type"  : "cube"
    "rgb"   : "84 179 188"
    "bevel%": "0.34"
    "round%": "0.15"
    "top_v%": "-0.13"
    "line_w": "20"
    "r"     : "1 1.18852e-07 -1.45728e-07 -1.74109e-07 0.292372 -0.956305 -7.10518e-08 0.956305 0.292372"
    "t"     : "5.91857 -255.973 259.704"
    "s"     : "89.4157 134.997 4.99473"
  }
  {
    "type"  : "cube"
    "rgb"   : "84 179 188"
    "blend" : "13.7848"
    "bevel%": "0.34"
    "round%": "0.15"
    "top_v%": "-0.13"
    "line_w": "20"
    "r"     : "1 1.18852e-07 -1.45728e-07 -8.00666e-08 0.970296 0.241922 1.70152e-07 -0.241922 0.970296"
    "t"     : "5.91854 -147.224 145.267"
    "s"     : "92.0757 77.1904 5.20996"
  }
  ]
  [
  {
    "type"  : "sphere"
    "mode"  : "sub"
    "rgb"   : "0 0 0"
    "blend" : "0.392672"
    "round%": "0.15"
    "top_v%": "-0.13"
    "line_w": "20"
    "r"     : "1 -8.94069e-08 -8.94069e-08 8.94069e-08 1 -7.45058e-08 8.94069e-08 7.45058e-08 1"
    "t"     : "-2.45991e-06 -163.252 87.4933"
    "s"     : "2.5 2.5 2.5"
  }
  ]
]
"object" :
[
  {
  }
  {
    "name"  : "ATTACH"
  }
]
"palette" :
[
  "0 0 0"
  "255 255 255"
  "255 255 204"
  "255 255 153"
  "255 255 102"
  "255 255 51"
  "255 255 0"
  "255 204 255"
  "255 204 204"
  "255 204 153"
  "255 204 102"
  "255 204 51"
  "255 204 0"
  "255 153 255"
  "255 153 204"
  "255 153 153"
  "255 153 102"
  "255 153 51"
  "255 153 0"
  "255 102 255"
  "255 102 204"
  "255 102 153"
  "255 102 102"
  "255 102 51"
  "255 102 0"
  "255 51 255"
  "255 51 204"
  "255 51 153"
  "255 51 102"
  "255 51 51"
  "255 51 0"
  "255 0 255"
  "255 0 204"
  "255 0 153"
  "255 0 102"
  "255 0 51"
  "255 0 0"
  "204 255 255"
  "204 255 204"
  "204 255 153"
  "204 255 102"
  "204 255 51"
  "204 255 0"
  "204 204 255"
  "204 204 204"
  "204 204 153"
  "204 204 102"
  "204 204 51"
  "204 204 0"
  "204 153 255"
  "204 153 204"
  "204 153 153"
  "204 153 102"
  "204 153 51"
  "204 153 0"
  "204 102 255"
  "204 102 204"
  "204 102 153"
  "204 102 102"
  "204 102 51"
  "204 102 0"
  "204 51 255"
  "204 51 204"
  "204 51 153"
  "204 51 102"
  "204 51 51"
  "204 51 0"
  "204 0 255"
  "204 0 204"
  "204 0 153"
  "204 0 102"
  "204 0 51"
  "204 0 0"
  "153 255 255"
  "153 255 204"
  "153 255 153"
  "153 255 102"
  "153 255 51"
  "153 255 0"
  "153 204 255"
  "153 204 204"
  "153 204 153"
  "153 204 102"
  "153 204 51"
  "153 204 0"
  "153 153 255"
  "153 153 204"
  "153 153 153"
  "153 153 102"
  "153 153 51"
  "153 153 0"
  "153 102 255"
  "153 102 204"
  "153 102 153"
  "153 102 102"
  "153 102 51"
  "153 102 0"
  "153 51 255"
  "153 51 204"
  "153 51 153"
  "153 51 102"
  "153 51 51"
  "153 51 0"
  "153 0 255"
  "153 0 204"
  "153 0 153"
  "153 0 102"
  "153 0 51"
  "153 0 0"
  "102 255 255"
  "102 255 204"
  "102 255 153"
  "102 255 102"
  "102 255 51"
  "102 255 0"
  "102 204 255"
  "102 204 204"
  "102 204 153"
  "102 204 102"
  "102 204 51"
  "102 204 0"
  "102 153 255"
  "102 153 204"
  "102 153 153"
  "102 153 102"
  "102 153 51"
  "102 153 0"
  "102 102 255"
  "102 102 204"
  "102 102 153"
  "102 102 102"
  "102 102 51"
  "102 102 0"
  "102 51 255"
  "102 51 204"
  "102 51 153"
  "102 51 102"
  "102 51 51"
  "102 51 0"
  "102 0 255"
  "102 0 204"
  "102 0 153"
  "102 0 102"
  "102 0 51"
  "102 0 0"
  "51 255 255"
  "51 255 204"
  "51 255 153"
  "51 255 102"
  "51 255 51"
  "51 255 0"
  "51 204 255"
  "51 204 204"
  "51 204 153"
  "51 204 102"
  "51 204 51"
  "51 204 0"
  "51 153 255"
  "51 153 204"
  "51 153 153"
  "51 153 102"
  "51 153 51"
  "51 153 0"
  "51 102 255"
  "51 102 204"
  "51 102 153"
  "51 102 102"
  "51 102 51"
  "51 102 0"
  "51 51 255"
  "51 51 204"
  "51 51 153"
  "51 51 102"
  "51 51 51"
  "51 51 0"
  "51 0 255"
  "51 0 204"
  "51 0 153"
  "51 0 102"
  "51 0 51"
  "51 0 0"
  "0 255 255"
  "0 255 204"
  "0 255 153"
  "0 255 102"
  "0 255 51"
  "0 255 0"
  "0 204 255"
  "0 204 204"
  "0 204 153"
  "0 204 102"
  "0 204 51"
  "0 204 0"
  "0 153 255"
  "0 153 204"
  "0 153 153"
  "0 153 102"
  "0 153 51"
  "0 153 0"
  "0 102 255"
  "0 102 204"
  "0 102 153"
  "0 102 102"
  "0 102 51"
  "0 102 0"
  "0 51 255"
  "0 51 204"
  "0 51 153"
  "0 51 102"
  "0 51 51"
  "0 51 0"
  "0 0 255"
  "0 0 204"
  "0 0 153"
  "0 0 102"
  "0 0 51"
  "238 0 0"
  "221 0 0"
  "187 0 0"
  "170 0 0"
  "136 0 0"
  "119 0 0"
  "85 0 0"
  "68 0 0"
  "34 0 0"
  "17 0 0"
  "0 238 0"
  "0 221 0"
  "0 187 0"
  "0 170 0"
  "0 136 0"
  "0 119 0"
  "0 85 0"
  "0 68 0"
  "0 34 0"
  "0 17 0"
  "0 0 238"
  "0 0 221"
  "0 0 187"
  "0 0 170"
  "0 0 136"
  "0 0 119"
  "0 0 85"
  "0 0 68"
  "0 0 34"
  "0 0 17"
  "238 238 238"
  "221 221 221"
  "187 187 187"
  "170 170 170"
  "136 136 136"
  "119 119 119"
  "85 85 85"
  "68 68 68"
  "34 34 34"
  "17 17 17"
]
