"csg" :
[
  [
  {
    "type"  : "cylinder"
    "rgb"   : "115 115 115"
    "bevel%": "0.8"
    "cone%" : "0.58"
    "top_v%": "-0.02"
    "line_w": "1"
    "r"     : "1 -2.23517e-08 -2.6077e-08 2.23517e-08 1 -5.96046e-08 2.6077e-08 5.96046e-08 1"
    "t"     : "279.43 57.2269 498.415"
    "s"     : "7.13278 7.15 500"
  }
  {
    "type"  : "cylinder"
    "rgb"   : "255 255 255"
    "bevel%": "0.8"
    "top_v%": "-0.02"
    "line_w": "1"
    "r"     : "1 -2.23517e-08 -2.6077e-08 2.23517e-08 1 -5.96046e-08 2.6077e-08 5.96046e-08 1"
    "t"     : "279.43 57.2269 59.9459"
    "s"     : "10.1982 10.2228 59.8498"
  }
  {
    "type"  : "cylinder"
    "rgb"   : "48 48 48"
    "bevel%": "0.8"
    "round%": "1"
    "top_v%": "-0.02"
    "line_w": "1"
    "r"     : "1 -2.23517e-08 -2.6077e-08 2.23517e-08 1 -5.96046e-08 2.6077e-08 5.96046e-08 1"
    "t"     : "279.43 57.2269 314.038"
    "s"     : "10.1982 10.2228 45.7223"
  }
  {
    "type"  : "cylinder"
    "rgb"   : "51 87 78"
    "bevel%": "0.8"
    "top_v%": "-0.02"
    "line_w": "1"
    "r"     : "-6.97884e-08 -5.96046e-08 -1 2.23517e-08 1 -5.96046e-08 1 -2.23517e-08 -6.97884e-08"
    "t"     : "278.66 96.8586 232.738"
    "s"     : "31.9881 31.9881 15.2871"
  }
  {
    "type"  : "cylinder"
    "mode"  : "sub"
    "rgb"   : "136 135 93"
    "blend" : "1"
    "hole%" : "0.86"
    "bevel%": "0.8"
    "top_v%": "-0.02"
    "line_w": "1"
    "r"     : "-6.97884e-08 -5.96046e-08 -1 2.23517e-08 1 -5.96046e-08 1 -2.23517e-08 -6.97884e-08"
    "t"     : "278.66 96.8586 232.738"
    "s"     : "33.4377 33.4377 10.4258"
  }
  {
    "type"  : "cylinder"
    "rgb"   : "115 115 115"
    "bevel%": "0.8"
    "top_v%": "-0.02"
    "line_w": "1"
    "r"     : "-6.97884e-08 -5.96046e-08 -1 2.23517e-08 1 -5.96046e-08 1 -2.23517e-08 -6.97884e-08"
    "t"     : "278.51 96.8586 232.738"
    "s"     : "15.3785 15.3785 18.6023"
  }
  {
    "type"  : "cylinder"
    "rgb"   : "115 115 115"
    "bevel%": "0.8"
    "top_v%": "-0.02"
    "line_w": "1"
    "r"     : "-6.97884e-08 -5.96047e-08 -1 1 -6.60631e-08 -6.97884e-08 -6.60631e-08 -1 5.96047e-08"
    "t"     : "296.213 96.8586 232.738"
    "s"     : "4.85446 4.85446 18.5982"
  }
  {
    "type"  : "cylinder"
    "rgb"   : "48 48 48"
    "bevel%": "0.8"
    "top_v%": "-0.02"
    "line_w": "1"
    "r"     : "6.60631e-08 1 -1.58933e-08 -1.135e-07 -1.58933e-08 -1 -1 6.60631e-08 1.135e-07"
    "t"     : "296.049 96.8586 208.367"
    "s"     : "4.85446 4.85446 18.5982"
  }
  {
    "type"  : "cylinder"
    "rgb"   : "48 48 48"
    "hole%" : "0.67"
    "bevel%": "0.8"
    "round%": "1"
    "top_v%": "-0.02"
    "line_w": "1"
    "r"     : "1 -2.23517e-08 -2.6077e-08 2.23517e-08 1 -5.96046e-08 2.6077e-08 5.96046e-08 1"
    "t"     : "278.998 68.4752 402.641"
    "s"     : "10.1982 10.2228 2.58231"
  }
  {
    "type"  : "cylinder"
    "rgb"   : "48 48 48"
    "hole%" : "0.67"
    "bevel%": "0.8"
    "round%": "1"
    "top_v%": "-0.02"
    "line_w": "1"
    "r"     : "1 -2.23517e-08 -2.6077e-08 2.23517e-08 1 -5.96046e-08 2.6077e-08 5.96046e-08 1"
    "t"     : "278.998 68.4752 522.902"
    "s"     : "10.1982 10.2228 2.58231"
  }
  {
    "type"  : "cylinder"
    "rgb"   : "48 48 48"
    "hole%" : "0.67"
    "bevel%": "0.8"
    "round%": "1"
    "top_v%": "-0.02"
    "line_w": "1"
    "r"     : "1 -2.23517e-08 -2.6077e-08 2.23517e-08 1 -5.96046e-08 2.6077e-08 5.96046e-08 1"
    "t"     : "278.998 68.4752 666.31"
    "s"     : "10.1982 10.2228 2.58231"
  }
  {
    "type"  : "cylinder"
    "rgb"   : "48 48 48"
    "hole%" : "0.67"
    "bevel%": "0.8"
    "round%": "1"
    "top_v%": "-0.02"
    "line_w": "1"
    "r"     : "1 -2.23517e-08 -2.6077e-08 2.23517e-08 1 -5.96046e-08 2.6077e-08 5.96046e-08 1"
    "t"     : "278.998 64.294 970.71"
    "s"     : "6.73152 6.74777 1.7045"
  }
  {
    "type"  : "cylinder"
    "rgb"   : "48 48 48"
    "hole%" : "0.67"
    "bevel%": "0.8"
    "round%": "1"
    "top_v%": "-0.02"
    "line_w": "1"
    "r"     : "1 -2.23517e-08 -2.6077e-08 2.23517e-08 1 -5.96046e-08 2.6077e-08 5.96046e-08 1"
    "t"     : "278.998 68.4752 827.071"
    "s"     : "8.25754 8.27747 2.09091"
  }
  ]
  [
  {
    "type"  : "sphere"
    "mode"  : "sub"
    "rgb"   : "115 115 115"
    "bevel%": "0.8"
    "cone%" : "0.58"
    "top_v%": "-0.02"
    "line_w": "1"
    "r"     : "1 -2.23517e-08 -2.6077e-08 2.23517e-08 1 -5.96046e-08 2.6077e-08 5.96046e-08 1"
    "t"     : "279.43 57.2269 3.71997"
    "s"     : "2.5 2.5 2.5"
  }
  ]
]
"object" :
[
  {
  }
  {
    "name"  : "ATTACH"
  }
]
"palette" :
[
  "0 0 0"
  "255 255 255"
  "255 255 204"
  "255 255 153"
  "255 255 102"
  "255 255 51"
  "255 255 0"
  "255 204 255"
  "255 204 204"
  "255 204 153"
  "255 204 102"
  "255 204 51"
  "255 204 0"
  "255 153 255"
  "255 153 204"
  "255 153 153"
  "255 153 102"
  "255 153 51"
  "255 153 0"
  "255 102 255"
  "255 102 204"
  "255 102 153"
  "255 102 102"
  "255 102 51"
  "255 102 0"
  "255 51 255"
  "255 51 204"
  "255 51 153"
  "255 51 102"
  "255 51 51"
  "255 51 0"
  "255 0 255"
  "255 0 204"
  "255 0 153"
  "255 0 102"
  "255 0 51"
  "255 0 0"
  "204 255 255"
  "204 255 204"
  "204 255 153"
  "204 255 102"
  "204 255 51"
  "204 255 0"
  "204 204 255"
  "204 204 204"
  "204 204 153"
  "204 204 102"
  "204 204 51"
  "204 204 0"
  "204 153 255"
  "204 153 204"
  "204 153 153"
  "204 153 102"
  "204 153 51"
  "204 153 0"
  "204 102 255"
  "204 102 204"
  "204 102 153"
  "204 102 102"
  "204 102 51"
  "204 102 0"
  "204 51 255"
  "204 51 204"
  "204 51 153"
  "204 51 102"
  "204 51 51"
  "204 51 0"
  "204 0 255"
  "204 0 204"
  "204 0 153"
  "204 0 102"
  "204 0 51"
  "204 0 0"
  "153 255 255"
  "153 255 204"
  "153 255 153"
  "153 255 102"
  "153 255 51"
  "153 255 0"
  "153 204 255"
  "153 204 204"
  "153 204 153"
  "153 204 102"
  "153 204 51"
  "153 204 0"
  "153 153 255"
  "153 153 204"
  "153 153 153"
  "153 153 102"
  "153 153 51"
  "153 153 0"
  "153 102 255"
  "153 102 204"
  "153 102 153"
  "153 102 102"
  "153 102 51"
  "153 102 0"
  "153 51 255"
  "153 51 204"
  "153 51 153"
  "153 51 102"
  "153 51 51"
  "153 51 0"
  "153 0 255"
  "153 0 204"
  "153 0 153"
  "153 0 102"
  "153 0 51"
  "153 0 0"
  "102 255 255"
  "102 255 204"
  "102 255 153"
  "102 255 102"
  "102 255 51"
  "102 255 0"
  "102 204 255"
  "102 204 204"
  "102 204 153"
  "102 204 102"
  "102 204 51"
  "102 204 0"
  "102 153 255"
  "102 153 204"
  "102 153 153"
  "102 153 102"
  "102 153 51"
  "102 153 0"
  "102 102 255"
  "102 102 204"
  "102 102 153"
  "102 102 102"
  "102 102 51"
  "102 102 0"
  "102 51 255"
  "102 51 204"
  "102 51 153"
  "102 51 102"
  "102 51 51"
  "102 51 0"
  "102 0 255"
  "102 0 204"
  "102 0 153"
  "102 0 102"
  "102 0 51"
  "102 0 0"
  "51 255 255"
  "51 255 204"
  "51 255 153"
  "51 255 102"
  "51 255 51"
  "51 255 0"
  "51 204 255"
  "51 204 204"
  "51 204 153"
  "51 204 102"
  "51 204 51"
  "51 204 0"
  "51 153 255"
  "51 153 204"
  "51 153 153"
  "51 153 102"
  "51 153 51"
  "51 153 0"
  "51 102 255"
  "51 102 204"
  "51 102 153"
  "51 102 102"
  "51 102 51"
  "51 102 0"
  "51 51 255"
  "51 51 204"
  "51 51 153"
  "51 51 102"
  "51 51 51"
  "51 51 0"
  "51 0 255"
  "51 0 204"
  "51 0 153"
  "51 0 102"
  "51 0 51"
  "51 0 0"
  "0 255 255"
  "0 255 204"
  "0 255 153"
  "0 255 102"
  "0 255 51"
  "0 255 0"
  "0 204 255"
  "0 204 204"
  "0 204 153"
  "0 204 102"
  "0 204 51"
  "0 204 0"
  "0 153 255"
  "0 153 204"
  "0 153 153"
  "0 153 102"
  "0 153 51"
  "0 153 0"
  "0 102 255"
  "0 102 204"
  "0 102 153"
  "0 102 102"
  "0 102 51"
  "0 102 0"
  "0 51 255"
  "0 51 204"
  "0 51 153"
  "0 51 102"
  "0 51 51"
  "0 51 0"
  "0 0 255"
  "0 0 204"
  "0 0 153"
  "0 0 102"
  "0 0 51"
  "238 0 0"
  "221 0 0"
  "187 0 0"
  "170 0 0"
  "136 0 0"
  "119 0 0"
  "85 0 0"
  "68 0 0"
  "34 0 0"
  "17 0 0"
  "0 238 0"
  "0 221 0"
  "0 187 0"
  "0 170 0"
  "0 136 0"
  "0 119 0"
  "0 85 0"
  "0 68 0"
  "0 34 0"
  "0 17 0"
  "0 0 238"
  "0 0 221"
  "0 0 187"
  "0 0 170"
  "0 0 136"
  "0 0 119"
  "0 0 85"
  "0 0 68"
  "0 0 34"
  "0 0 17"
  "238 238 238"
  "221 221 221"
  "187 187 187"
  "170 170 170"
  "136 136 136"
  "119 119 119"
  "85 85 85"
  "68 68 68"
  "34 34 34"
  "17 17 17"
]
