"csg" :
[
  [
  {
    "type"  : "cylinder"
    "rgb"   : "67 69 71"
    "blend" : "0.696331"
    "bevel%": "1"
    "top_v%": "-0.07"
    "line_w": "12"
    "r"     : "-0.156434 0.222182 0.962374 -7.45058e-08 -0.97437 0.224952 0.987688 0.03519 0.152425"
    "t"     : "259.313 210.869 277.514"
    "s"     : "43.8791 39.8508 8.97717"
  }
  {
    "type"  : "cylinder"
    "rgb"   : "67 69 71"
    "blend" : "0.696331"
    "bevel%": "1"
    "top_v%": "-0.07"
    "line_w": "12"
    "r"     : "-0.156434 0.222182 0.962374 -7.45058e-08 -0.97437 0.224952 0.987688 0.03519 0.152425"
    "t"     : "282.592 177.807 134.307"
    "s"     : "43.8791 39.8508 8.97717"
  }
  {
    "type"  : "cylinder"
    "rgb"   : "255 221 0"
    "bevel%": "1"
    "round%": "0.89"
    "top_v%": "-0.07"
    "line_w": "12"
    "r"     : "-0.156434 0.222182 0.962374 -7.45058e-08 -0.97437 0.224952 0.987688 0.03519 0.152425"
    "t"     : "255.855 204.684 243.598"
    "s"     : "218.38 57.2297 7.03694"
  }
  {
    "type"  : "cube"
    "mode"  : "rep"
    "rgb"   : "136 136 136"
    "top_v%": "-0.07"
    "line_w": "12"
    "r"     : "0.156434 -0.222182 -0.962374 -0.987688 -0.03519 -0.152425 1.16415e-07 0.97437 -0.224952"
    "t"     : "250.22 204.483 242.729"
    "s"     : "218.38 23.7962 7.03694"
  }
  {
    "type"  : "cylinder"
    "rgb"   : "48 48 48"
    "bevel%": "1"
    "round%": "1"
    "top_v%": "-0.07"
    "line_w": "12"
    "r"     : "-0.906308 -0.0950683 -0.411786 -0.422618 0.203875 0.883079 9.77889e-08 0.97437 -0.224951"
    "t"     : "265.108 149.871 116.715"
    "s"     : "15.8936 11.6399 4.19209"
  }
  {
    "type"  : "cylinder"
    "rgb"   : "48 48 48"
    "bevel%": "1"
    "round%": "1"
    "top_v%": "-0.07"
    "line_w": "12"
    "r"     : "-0.906308 -0.0950683 -0.411786 -0.422618 0.203875 0.883079 9.77889e-08 0.97437 -0.224951"
    "t"     : "265.108 197.367 105.749"
    "s"     : "15.8936 11.6399 4.19209"
  }
  {
    "type"  : "cylinder"
    "rgb"   : "48 48 48"
    "bevel%": "1"
    "round%": "1"
    "top_v%": "-0.07"
    "line_w": "12"
    "r"     : "-0.906308 -0.0950683 -0.411786 -0.422618 0.203875 0.883079 9.77889e-08 0.97437 -0.224951"
    "t"     : "274.706 164.705 70.5116"
    "s"     : "15.8936 11.6399 4.19209"
  }
  {
    "type"  : "sphere"
    "rgb"   : "0 0 0"
    "blend" : "1"
    "bevel%": "1"
    "round%": "0.75"
    "top_v%": "-0.13"
    "line_w": "20"
    "r"     : "0.987688 0.0351901 0.152425 -0.0351901 0.999377 -0.00269857 -0.152425 -0.00269851 0.988311"
    "t"     : "294.026 180.796 133.861"
    "s"     : "23.178 31.4986 33.2259"
  }
  {
    "type"  : "sphere"
    "mode"  : "sub"
    "rgb"   : "255 221 0"
    "blend" : "1"
    "bevel%": "1"
    "round%": "0.75"
    "top_v%": "-0.13"
    "line_w": "20"
    "r"     : "0.987688 0.03519 0.152425 0.00545947 0.966023 -0.2584 -0.156339 0.256051 0.953937"
    "t"     : "304.149 174.926 119.372"
    "s"     : "23.178 23.2179 33.2259"
  }
  {
    "type"  : "sphere"
    "rgb"   : "0 0 0"
    "blend" : "1"
    "bevel%": "1"
    "round%": "0.75"
    "top_v%": "-0.13"
    "line_w": "20"
    "r"     : "0.987688 0.0351901 0.152425 -0.0351901 0.999377 -0.00269857 -0.152425 -0.00269851 0.988311"
    "t"     : "269.919 214.061 282.395"
    "s"     : "23.178 31.4986 33.2259"
  }
  {
    "type"  : "sphere"
    "mode"  : "sub"
    "rgb"   : "255 221 0"
    "blend" : "1"
    "bevel%": "1"
    "round%": "0.75"
    "top_v%": "-0.13"
    "line_w": "20"
    "r"     : "0.987688 0.03519 0.152425 0.00545947 0.966023 -0.2584 -0.156339 0.256051 0.953937"
    "t"     : "280.041 208.191 267.906"
    "s"     : "23.178 23.2179 33.2259"
  }
  {
    "type"  : "cylinder"
    "mode"  : "rep"
    "rgb"   : "53 53 53"
    "blend" : "0.667626"
    "bevel%": "1"
    "top_v%": "-0.13"
    "line_w": "20"
    "r"     : "0.977016 -0.077312 0.198653 0.154058 -0.388004 -0.908691 0.147331 0.918409 -0.367176"
    "t"     : "277.663 219.231 299.198"
    "s"     : "4.64587 4.94616 27.6895"
  }
  {
    "type"  : "cylinder"
    "mode"  : "rep"
    "rgb"   : "53 53 53"
    "blend" : "0.667626"
    "bevel%": "1"
    "top_v%": "-0.13"
    "line_w": "20"
    "r"     : "0.977016 -0.077312 0.198653 0.154058 -0.388004 -0.908691 0.147331 0.918409 -0.367176"
    "t"     : "304.769 186.8 147.212"
    "s"     : "4.64587 4.94616 30.9605"
  }
  ]
  [
  {
    "type"  : "sphere"
    "mode"  : "sub"
    "rgb"   : "0 0 0"
    "blend" : "1"
    "bevel%": "0.39"
    "round%": "1"
    "cone%" : "0.68"
    "top_v%": "-0.13"
    "line_w": "20"
    "r"     : "1 -1.86265e-09 -5.23869e-09 1.86265e-09 1 1.49012e-08 5.23869e-09 -1.49012e-08 1"
    "t"     : "278.002 134.727 197.614"
    "s"     : "5 5 5"
  }
  ]
]
"object" :
[
  {
  }
  {
    "name"  : "ATTACH"
  }
]
"palette" :
[
  "0 0 0"
  "255 255 255"
  "255 255 204"
  "255 255 153"
  "255 255 102"
  "255 255 51"
  "255 255 0"
  "255 204 255"
  "255 204 204"
  "255 204 153"
  "255 204 102"
  "255 204 51"
  "255 204 0"
  "255 153 255"
  "255 153 204"
  "255 153 153"
  "255 153 102"
  "255 153 51"
  "255 153 0"
  "255 102 255"
  "255 102 204"
  "255 102 153"
  "255 102 102"
  "255 102 51"
  "255 102 0"
  "255 51 255"
  "255 51 204"
  "255 51 153"
  "255 51 102"
  "255 51 51"
  "255 51 0"
  "255 0 255"
  "255 0 204"
  "255 0 153"
  "255 0 102"
  "255 0 51"
  "255 0 0"
  "204 255 255"
  "204 255 204"
  "204 255 153"
  "204 255 102"
  "204 255 51"
  "204 255 0"
  "204 204 255"
  "204 204 204"
  "204 204 153"
  "204 204 102"
  "204 204 51"
  "204 204 0"
  "204 153 255"
  "204 153 204"
  "204 153 153"
  "204 153 102"
  "204 153 51"
  "204 153 0"
  "204 102 255"
  "204 102 204"
  "204 102 153"
  "204 102 102"
  "204 102 51"
  "204 102 0"
  "204 51 255"
  "204 51 204"
  "204 51 153"
  "204 51 102"
  "204 51 51"
  "204 51 0"
  "204 0 255"
  "204 0 204"
  "204 0 153"
  "204 0 102"
  "204 0 51"
  "204 0 0"
  "153 255 255"
  "153 255 204"
  "153 255 153"
  "153 255 102"
  "153 255 51"
  "153 255 0"
  "153 204 255"
  "153 204 204"
  "153 204 153"
  "153 204 102"
  "153 204 51"
  "153 204 0"
  "153 153 255"
  "153 153 204"
  "153 153 153"
  "153 153 102"
  "153 153 51"
  "153 153 0"
  "153 102 255"
  "153 102 204"
  "153 102 153"
  "153 102 102"
  "153 102 51"
  "153 102 0"
  "153 51 255"
  "153 51 204"
  "153 51 153"
  "153 51 102"
  "153 51 51"
  "153 51 0"
  "153 0 255"
  "153 0 204"
  "153 0 153"
  "153 0 102"
  "153 0 51"
  "153 0 0"
  "102 255 255"
  "102 255 204"
  "102 255 153"
  "102 255 102"
  "102 255 51"
  "102 255 0"
  "102 204 255"
  "102 204 204"
  "102 204 153"
  "102 204 102"
  "102 204 51"
  "102 204 0"
  "102 153 255"
  "102 153 204"
  "102 153 153"
  "102 153 102"
  "102 153 51"
  "102 153 0"
  "102 102 255"
  "102 102 204"
  "102 102 153"
  "102 102 102"
  "102 102 51"
  "102 102 0"
  "102 51 255"
  "102 51 204"
  "102 51 153"
  "102 51 102"
  "102 51 51"
  "102 51 0"
  "102 0 255"
  "102 0 204"
  "102 0 153"
  "102 0 102"
  "102 0 51"
  "102 0 0"
  "51 255 255"
  "51 255 204"
  "51 255 153"
  "51 255 102"
  "51 255 51"
  "51 255 0"
  "51 204 255"
  "51 204 204"
  "51 204 153"
  "51 204 102"
  "51 204 51"
  "51 204 0"
  "51 153 255"
  "51 153 204"
  "51 153 153"
  "51 153 102"
  "51 153 51"
  "51 153 0"
  "51 102 255"
  "51 102 204"
  "51 102 153"
  "51 102 102"
  "51 102 51"
  "51 102 0"
  "51 51 255"
  "51 51 204"
  "51 51 153"
  "51 51 102"
  "51 51 51"
  "51 51 0"
  "51 0 255"
  "51 0 204"
  "51 0 153"
  "51 0 102"
  "51 0 51"
  "51 0 0"
  "0 255 255"
  "0 255 204"
  "0 255 153"
  "0 255 102"
  "0 255 51"
  "0 255 0"
  "0 204 255"
  "0 204 204"
  "0 204 153"
  "0 204 102"
  "0 204 51"
  "0 204 0"
  "0 153 255"
  "0 153 204"
  "0 153 153"
  "0 153 102"
  "0 153 51"
  "0 153 0"
  "0 102 255"
  "0 102 204"
  "0 102 153"
  "0 102 102"
  "0 102 51"
  "0 102 0"
  "0 51 255"
  "0 51 204"
  "0 51 153"
  "0 51 102"
  "0 51 51"
  "0 51 0"
  "0 0 255"
  "0 0 204"
  "0 0 153"
  "0 0 102"
  "0 0 51"
  "238 0 0"
  "221 0 0"
  "187 0 0"
  "170 0 0"
  "136 0 0"
  "119 0 0"
  "85 0 0"
  "68 0 0"
  "34 0 0"
  "17 0 0"
  "0 238 0"
  "0 221 0"
  "0 187 0"
  "0 170 0"
  "0 136 0"
  "0 119 0"
  "0 85 0"
  "0 68 0"
  "0 34 0"
  "0 17 0"
  "0 0 238"
  "0 0 221"
  "0 0 187"
  "0 0 170"
  "0 0 136"
  "0 0 119"
  "0 0 85"
  "0 0 68"
  "0 0 34"
  "0 0 17"
  "238 238 238"
  "221 221 221"
  "187 187 187"
  "170 170 170"
  "136 136 136"
  "119 119 119"
  "85 85 85"
  "68 68 68"
  "34 34 34"
  "17 17 17"
]
