"csg" :
[
  [
  {
    "type"  : "sphere"
    "mode"  : "sub"
    "rgb"   : "247 255 31"
    "round%": "0.94"
    "line_w": "5.5"
    "r"     : "1 0 0 0 1 0 0 0 1"
    "t"     : "-98.8845 13.0968 175.556"
    "s"     : "2.5 2.5 2.5"
  }
  ]
  [
  {
    "type"  : "cube"
    "rgb"   : "152 152 152"
    "bevel%": "0.1"
    "round%": "0.09"
    "line_w": "5.5"
    "r"     : "-0.217298 0.973637 -0.0693741 -0.969033 -0.223718 -0.104529 -0.117293 0.0445119 0.992099"
    "t"     : "-94.4649 16.1375 149.538"
    "s"     : "34.1986 6.45728 22.1141"
  }
  {
    "type"  : "cube"
    "mode"  : "sub"
    "rgb"   : "152 152 152"
    "round%": "1"
    "line_w": "5.5"
    "r"     : "-0.217298 0.973637 -0.0693741 -0.969033 -0.223718 -0.104529 -0.117293 0.0445119 0.992099"
    "t"     : "-94.0676 16.2293 149.581"
    "s"     : "34.6102 1.12791 23.0784"
  }
  {
    "type"  : "cube"
    "mode"  : "rep"
    "rgb"   : "239 239 239"
    "bevel%": "0.1"
    "round%": "0.09"
    "line_w": "5.5"
    "r"     : "-0.217298 0.973637 -0.0693741 -0.969033 -0.223718 -0.104529 -0.117293 0.0445119 0.992099"
    "t"     : "-94.4475 16.1416 149.54"
    "s"     : "31.8401 10.1254 20.589"
  }
  {
    "type"  : "cube"
    "mode"  : "rep"
    "rgb"   : "152 152 152"
    "bevel%": "0.1"
    "round%": "0.09"
    "line_w": "5.5"
    "r"     : "-0.217298 0.973637 -0.0693741 -0.969033 -0.223718 -0.104529 -0.117293 0.0445119 0.992099"
    "t"     : "-97.1472 15.5053 149.066"
    "s"     : "30.7516 8.79839 19.3422"
  }
  {
    "type"  : "cube"
    "mode"  : "rep"
    "rgb"   : "211 255 131"
    "bevel%": "0.1"
    "round%": "0.09"
    "line_w": "5.5"
    "r"     : "-0.217298 0.973637 -0.0693741 -0.969033 -0.223718 -0.104529 -0.117293 0.0445119 0.992099"
    "t"     : "-100.187 29.1274 148.095"
    "s"     : "13.3111 8.79839 15.8599"
  }
  {
    "type"  : "cube"
    "mode"  : "rep"
    "rgb"   : "193 193 193"
    "blend" : "0.336282"
    "bevel%": "0.1"
    "round%": "1"
    "line_w": "5.5"
    "r"     : "0.00658026 0.999272 -0.0375749 -0.943079 -0.00629307 -0.332511 -0.332505 0.037624 0.942351"
    "t"     : "-102.258 -0.928374 147.671"
    "s"     : "9.69236 16.0107 17.1363"
  }
  {
    "type"  : "cube"
    "mode"  : "rep"
    "rgb"   : "22 50 255"
    "blend" : "0.411777"
    "bevel%": "0.1"
    "round%": "1"
    "line_w": "5.5"
    "r"     : "0.110084 -0.13221 -0.98509 -0.978496 -0.188357 -0.0840676 -0.174434 0.973161 -0.150102"
    "t"     : "-107.109 1.46143 162.573"
    "s"     : "1.91936 20.4107 2.29146"
  }
  {
    "type"  : "cube"
    "mode"  : "rep"
    "rgb"   : "255 0 0"
    "blend" : "0.411777"
    "bevel%": "0.1"
    "round%": "1"
    "line_w": "5.5"
    "r"     : "0.110084 -0.13221 -0.98509 -0.978496 -0.188357 -0.0840676 -0.174434 0.973161 -0.150102"
    "t"     : "-105.372 -5.58951 158.155"
    "s"     : "1.91936 20.4107 2.29146"
  }
  {
    "type"  : "cube"
    "rgb"   : "0 0 0"
    "blend" : "0.823554"
    "line_w": "5.5"
    "r"     : "-0.969033 -0.223718 -0.104529 -0.117293 0.0445119 0.992099 -0.217298 0.973637 -0.0693741"
    "t"     : "-94.66 -1.43843 141.837"
    "s"     : "3.35536 1.56688 6.3813"
  }
  {
    "type"  : "cube"
    "rgb"   : "0 0 0"
    "blend" : "0.823554"
    "line_w": "5.5"
    "r"     : "-0.969033 -0.223718 -0.104529 -0.217298 0.973637 -0.0693742 0.117293 -0.044512 -0.992099"
    "t"     : "-94.7013 -1.25345 141.824"
    "s"     : "3.35536 1.56688 6.3813"
  }
  {
    "type"  : "cube"
    "mode"  : "rep"
    "rgb"   : "152 152 152"
    "bevel%": "0.1"
    "round%": "0.09"
    "line_w": "5.5"
    "r"     : "-0.217298 0.973637 -0.0693741 -0.969033 -0.223718 -0.104529 -0.117293 0.0445119 0.992099"
    "t"     : "-75.4588 1.89529 152.424"
    "s"     : "10.2872 10.1254 18.0233"
  }
  {
    "type"  : "cube"
    "rgb"   : "152 152 152"
    "blend" : "0.823554"
    "line_w": "5.5"
    "r"     : "-0.969033 -0.223718 -0.104529 -0.117293 0.0445119 0.992099 -0.217298 0.973637 -0.0693741"
    "t"     : "-93.9569 16.0236 149.98"
    "s"     : "3.35536 23.3076 35.9184"
  }
  ]
]
"object" :
[
  {
    "name"  : "ATTACH"
  }
  {
  }
]
"palette" :
[
  "0 0 0"
  "255 255 255"
  "255 255 204"
  "255 255 153"
  "255 255 102"
  "255 255 51"
  "255 255 0"
  "255 204 255"
  "255 204 204"
  "255 204 153"
  "255 204 102"
  "255 204 51"
  "255 204 0"
  "255 153 255"
  "255 153 204"
  "255 153 153"
  "255 153 102"
  "255 153 51"
  "255 153 0"
  "255 102 255"
  "255 102 204"
  "255 102 153"
  "255 102 102"
  "255 102 51"
  "255 102 0"
  "255 51 255"
  "255 51 204"
  "255 51 153"
  "255 51 102"
  "255 51 51"
  "255 51 0"
  "255 0 255"
  "255 0 204"
  "255 0 153"
  "255 0 102"
  "255 0 51"
  "255 0 0"
  "204 255 255"
  "204 255 204"
  "204 255 153"
  "204 255 102"
  "204 255 51"
  "204 255 0"
  "204 204 255"
  "204 204 204"
  "204 204 153"
  "204 204 102"
  "204 204 51"
  "204 204 0"
  "204 153 255"
  "204 153 204"
  "204 153 153"
  "204 153 102"
  "204 153 51"
  "204 153 0"
  "204 102 255"
  "204 102 204"
  "204 102 153"
  "204 102 102"
  "204 102 51"
  "204 102 0"
  "204 51 255"
  "204 51 204"
  "204 51 153"
  "204 51 102"
  "204 51 51"
  "204 51 0"
  "204 0 255"
  "204 0 204"
  "204 0 153"
  "204 0 102"
  "204 0 51"
  "204 0 0"
  "153 255 255"
  "153 255 204"
  "153 255 153"
  "153 255 102"
  "153 255 51"
  "153 255 0"
  "153 204 255"
  "153 204 204"
  "153 204 153"
  "153 204 102"
  "153 204 51"
  "153 204 0"
  "153 153 255"
  "153 153 204"
  "153 153 153"
  "153 153 102"
  "153 153 51"
  "153 153 0"
  "153 102 255"
  "153 102 204"
  "153 102 153"
  "153 102 102"
  "153 102 51"
  "153 102 0"
  "153 51 255"
  "153 51 204"
  "153 51 153"
  "153 51 102"
  "153 51 51"
  "153 51 0"
  "153 0 255"
  "153 0 204"
  "153 0 153"
  "153 0 102"
  "153 0 51"
  "153 0 0"
  "102 255 255"
  "102 255 204"
  "102 255 153"
  "102 255 102"
  "102 255 51"
  "102 255 0"
  "102 204 255"
  "102 204 204"
  "102 204 153"
  "102 204 102"
  "102 204 51"
  "102 204 0"
  "102 153 255"
  "102 153 204"
  "102 153 153"
  "102 153 102"
  "102 153 51"
  "102 153 0"
  "102 102 255"
  "102 102 204"
  "102 102 153"
  "102 102 102"
  "102 102 51"
  "102 102 0"
  "102 51 255"
  "102 51 204"
  "102 51 153"
  "102 51 102"
  "102 51 51"
  "102 51 0"
  "102 0 255"
  "102 0 204"
  "102 0 153"
  "102 0 102"
  "102 0 51"
  "102 0 0"
  "51 255 255"
  "51 255 204"
  "51 255 153"
  "51 255 102"
  "51 255 51"
  "51 255 0"
  "51 204 255"
  "51 204 204"
  "51 204 153"
  "51 204 102"
  "51 204 51"
  "51 204 0"
  "51 153 255"
  "51 153 204"
  "51 153 153"
  "51 153 102"
  "51 153 51"
  "51 153 0"
  "51 102 255"
  "51 102 204"
  "51 102 153"
  "51 102 102"
  "51 102 51"
  "51 102 0"
  "51 51 255"
  "51 51 204"
  "51 51 153"
  "51 51 102"
  "51 51 51"
  "51 51 0"
  "51 0 255"
  "51 0 204"
  "51 0 153"
  "51 0 102"
  "51 0 51"
  "51 0 0"
  "0 255 255"
  "0 255 204"
  "0 255 153"
  "0 255 102"
  "0 255 51"
  "0 255 0"
  "0 204 255"
  "0 204 204"
  "0 204 153"
  "0 204 102"
  "0 204 51"
  "0 204 0"
  "0 153 255"
  "0 153 204"
  "0 153 153"
  "0 153 102"
  "0 153 51"
  "0 153 0"
  "0 102 255"
  "0 102 204"
  "0 102 153"
  "0 102 102"
  "0 102 51"
  "0 102 0"
  "0 51 255"
  "0 51 204"
  "0 51 153"
  "0 51 102"
  "0 51 51"
  "0 51 0"
  "0 0 255"
  "0 0 204"
  "0 0 153"
  "0 0 102"
  "0 0 51"
  "238 0 0"
  "221 0 0"
  "187 0 0"
  "170 0 0"
  "136 0 0"
  "119 0 0"
  "85 0 0"
  "68 0 0"
  "34 0 0"
  "17 0 0"
  "0 238 0"
  "0 221 0"
  "0 187 0"
  "0 170 0"
  "0 136 0"
  "0 119 0"
  "0 85 0"
  "0 68 0"
  "0 34 0"
  "0 17 0"
  "0 0 238"
  "0 0 221"
  "0 0 187"
  "0 0 170"
  "0 0 136"
  "0 0 119"
  "0 0 85"
  "0 0 68"
  "0 0 34"
  "0 0 17"
  "238 238 238"
  "221 221 221"
  "187 187 187"
  "170 170 170"
  "136 136 136"
  "119 119 119"
  "85 85 85"
  "68 68 68"
  "34 34 34"
  "17 17 17"
]
