"csg" :
[
  [
  {
    "type"  : "bezier"
    "rgb"   : "123 255 165"
    "round%": "1"
    "line_w": "6.5"
    "r"     : "-0.0931807 0.990353 0.102559 0.0114851 -0.101931 0.994725 0.995583 0.0938671 -0.0018763"
    "t"     : "-1.2621 135.514 106.997"
    "s"     : "18.332 46.8674 12.5805"
    "mx"    : "1"
  }
  {
    "type"  : "bezier"
    "rgb"   : "123 255 165"
    "blend" : "15"
    "round%": "1"
    "line_w": "5.4068"
    "r"     : "-0.0931808 0.990353 0.102559 0.0809058 -0.0951348 0.992171 0.992357 0.100749 -0.0712605"
    "t"     : "-7.26577 135.28 103.798"
    "s"     : "37.07 39.6991 10.4646"
    "mx"    : "1"
  }
  {
    "type"  : "bezier"
    "rgb"   : "123 255 165"
    "blend" : "15"
    "round%": "1"
    "line_w": "5.4068"
    "r"     : "-0.0931808 0.990353 0.102559 -0.1444 -0.11536 0.982772 0.985122 0.076766 0.153756"
    "t"     : "9.60314 135.767 114.429"
    "s"     : "37.07 49.4242 14.2841"
    "mx"    : "1"
  }
  {
    "type"  : "bezier"
    "rgb"   : "123 255 165"
    "blend" : "4"
    "round%": "1"
    "line_w": "5.4068"
    "r"     : "-0.11727 0.988697 0.0934153 0.179643 -0.0713935 0.981138 0.976717 0.131839 -0.16924"
    "t"     : "-12.6308 134.736 104.183"
    "s"     : "37.07 39.6991 10.4646"
    "mx"    : "1"
  }
  {
    "type"  : "cube"
    "mode"  : "rep"
    "rgb"   : "255 253 153"
    "blend" : "1"
    "line_w": "5.4068"
    "r"     : "-0.0696154 0.99105 0.113904 -0.997051 -0.0728197 0.0242113 0.0322891 -0.111883 0.993197"
    "t"     : "-24.9386 134.179 73.301"
    "s"     : "60.7567 74.4124 4.48383"
    "mx"    : "1"
  }
  {
    "type"  : "cube"
    "mode"  : "rep"
    "rgb"   : "255 253 153"
    "blend" : "1"
    "line_w": "5.4068"
    "r"     : "-0.0696154 0.99105 0.113904 -0.997051 -0.0728197 0.0242113 0.0322891 -0.111883 0.993197"
    "t"     : "-24.5009 132.662 86.764"
    "s"     : "60.7567 74.4124 4.48383"
    "mx"    : "1"
  }
  ]
  [
  {
    "type"  : "sphere"
    "mode"  : "sub"
    "rgb"   : "122 166 255"
    "round%": "1"
    "line_w": "6.5"
    "r"     : "1 -9.31323e-10 -5.23869e-10 9.31323e-10 1 -7.45058e-09 5.23869e-10 7.45058e-09 1"
    "t"     : "8.78372e-09 129.943 167.449"
    "s"     : "2.5 2.5 2.5"
  }
  ]
]
"object" :
[
  {
  }
  {
    "name"  : "ATTACH"
  }
]
"palette" :
[
  "0 0 0"
  "255 255 255"
  "255 255 204"
  "255 255 153"
  "255 255 102"
  "255 255 51"
  "255 255 0"
  "255 204 255"
  "255 204 204"
  "255 204 153"
  "255 204 102"
  "255 204 51"
  "255 204 0"
  "255 153 255"
  "255 153 204"
  "255 153 153"
  "255 153 102"
  "255 153 51"
  "255 153 0"
  "255 102 255"
  "255 102 204"
  "255 102 153"
  "255 102 102"
  "255 102 51"
  "255 102 0"
  "255 51 255"
  "255 51 204"
  "255 51 153"
  "255 51 102"
  "255 51 51"
  "255 51 0"
  "255 0 255"
  "255 0 204"
  "255 0 153"
  "255 0 102"
  "255 0 51"
  "255 0 0"
  "204 255 255"
  "204 255 204"
  "204 255 153"
  "204 255 102"
  "204 255 51"
  "204 255 0"
  "204 204 255"
  "204 204 204"
  "204 204 153"
  "204 204 102"
  "204 204 51"
  "204 204 0"
  "204 153 255"
  "204 153 204"
  "204 153 153"
  "204 153 102"
  "204 153 51"
  "204 153 0"
  "204 102 255"
  "204 102 204"
  "204 102 153"
  "204 102 102"
  "204 102 51"
  "204 102 0"
  "204 51 255"
  "204 51 204"
  "204 51 153"
  "204 51 102"
  "204 51 51"
  "204 51 0"
  "204 0 255"
  "204 0 204"
  "204 0 153"
  "204 0 102"
  "204 0 51"
  "204 0 0"
  "153 255 255"
  "153 255 204"
  "153 255 153"
  "153 255 102"
  "153 255 51"
  "153 255 0"
  "153 204 255"
  "153 204 204"
  "153 204 153"
  "153 204 102"
  "153 204 51"
  "153 204 0"
  "153 153 255"
  "153 153 204"
  "153 153 153"
  "153 153 102"
  "153 153 51"
  "153 153 0"
  "153 102 255"
  "153 102 204"
  "153 102 153"
  "153 102 102"
  "153 102 51"
  "153 102 0"
  "153 51 255"
  "153 51 204"
  "153 51 153"
  "153 51 102"
  "153 51 51"
  "153 51 0"
  "153 0 255"
  "153 0 204"
  "153 0 153"
  "153 0 102"
  "153 0 51"
  "153 0 0"
  "102 255 255"
  "102 255 204"
  "102 255 153"
  "102 255 102"
  "102 255 51"
  "102 255 0"
  "102 204 255"
  "102 204 204"
  "102 204 153"
  "102 204 102"
  "102 204 51"
  "102 204 0"
  "102 153 255"
  "102 153 204"
  "102 153 153"
  "102 153 102"
  "102 153 51"
  "102 153 0"
  "102 102 255"
  "102 102 204"
  "102 102 153"
  "102 102 102"
  "102 102 51"
  "102 102 0"
  "102 51 255"
  "102 51 204"
  "102 51 153"
  "102 51 102"
  "102 51 51"
  "102 51 0"
  "102 0 255"
  "102 0 204"
  "102 0 153"
  "102 0 102"
  "102 0 51"
  "102 0 0"
  "51 255 255"
  "51 255 204"
  "51 255 153"
  "51 255 102"
  "51 255 51"
  "51 255 0"
  "51 204 255"
  "51 204 204"
  "51 204 153"
  "51 204 102"
  "51 204 51"
  "51 204 0"
  "51 153 255"
  "51 153 204"
  "51 153 153"
  "51 153 102"
  "51 153 51"
  "51 153 0"
  "51 102 255"
  "51 102 204"
  "51 102 153"
  "51 102 102"
  "51 102 51"
  "51 102 0"
  "51 51 255"
  "51 51 204"
  "51 51 153"
  "51 51 102"
  "51 51 51"
  "51 51 0"
  "51 0 255"
  "51 0 204"
  "51 0 153"
  "51 0 102"
  "51 0 51"
  "51 0 0"
  "0 255 255"
  "0 255 204"
  "0 255 153"
  "0 255 102"
  "0 255 51"
  "0 255 0"
  "0 204 255"
  "0 204 204"
  "0 204 153"
  "0 204 102"
  "0 204 51"
  "0 204 0"
  "0 153 255"
  "0 153 204"
  "0 153 153"
  "0 153 102"
  "0 153 51"
  "0 153 0"
  "0 102 255"
  "0 102 204"
  "0 102 153"
  "0 102 102"
  "0 102 51"
  "0 102 0"
  "0 51 255"
  "0 51 204"
  "0 51 153"
  "0 51 102"
  "0 51 51"
  "0 51 0"
  "0 0 255"
  "0 0 204"
  "0 0 153"
  "0 0 102"
  "0 0 51"
  "238 0 0"
  "221 0 0"
  "187 0 0"
  "170 0 0"
  "136 0 0"
  "119 0 0"
  "85 0 0"
  "68 0 0"
  "34 0 0"
  "17 0 0"
  "0 238 0"
  "0 221 0"
  "0 187 0"
  "0 170 0"
  "0 136 0"
  "0 119 0"
  "0 85 0"
  "0 68 0"
  "0 34 0"
  "0 17 0"
  "0 0 238"
  "0 0 221"
  "0 0 187"
  "0 0 170"
  "0 0 136"
  "0 0 119"
  "0 0 85"
  "0 0 68"
  "0 0 34"
  "0 0 17"
  "238 238 238"
  "221 221 221"
  "187 187 187"
  "170 170 170"
  "136 136 136"
  "119 119 119"
  "85 85 85"
  "68 68 68"
  "34 34 34"
  "17 17 17"
]
