"csg" :
[
  [
  {
    "type"  : "sphere"
    "mode"  : "sub"
    "rgb"   : "247 255 31"
    "round%": "0.94"
    "line_w": "5.5"
    "r"     : "1 0 0 0 1 0 0 0 1"
    "t"     : "0 167.474 210.727"
    "s"     : "2.5 2.5 2.5"
  }
  ]
  [
  {
    "type"  : "cube"
    "rgb"   : "179 164 0"
    "line_w": "5.5"
    "r"     : "0.99863 -0.0523358 0 0.0523358 0.99863 -0 0 0 1"
    "t"     : "0 169.253 144.08"
    "s"     : "4.33768 45.8415 60.8342"
    "mx"    : "1"
  }
  {
    "type"  : "cube"
    "rgb"   : "179 164 0"
    "blend" : "8.74618"
    "line_w": "5.5"
    "r"     : "0.99863 -0.0523358 0 0.0523358 0.99863 -0 0 0 1"
    "t"     : "0 169.266 210.391"
    "s"     : "3.84246 46.6269 6.1749"
    "mx"    : "1"
  }
  {
    "type"  : "sphere"
    "rgb"   : "179 164 0"
    "blend" : "15.9484"
    "cone%" : "0.67"
    "line_w": "5.5"
    "r"     : "0.99863 -0.0523358 0 0.0523358 0.99863 -0 0 0 1"
    "t"     : "0 169.254 133.365"
    "s"     : "28.741 51.9193 43.8116"
    "mx"    : "1"
  }
  {
    "type"  : "cube"
    "mode"  : "rep"
    "rgb"   : "138 136 134"
    "blend" : "1.24945"
    "line_w": "5.5"
    "r"     : "0.99863 -0.0523358 0 0.0523358 0.99863 -0 0 0 1"
    "t"     : "0 169.178 141.824"
    "s"     : "1.24945 73.5607 62.738"
    "mx"    : "1"
  }
  {
    "type"  : "cube"
    "mode"  : "rep"
    "rgb"   : "255 255 255"
    "blend" : "0.729936"
    "line_w": "5.5"
    "r"     : "0.99863 -0.0523359 -1.86264e-08 0.0507813 0.968966 -0.241922 0.0126612 0.24159 0.970296"
    "t"     : "0 168.685 120.799"
    "s"     : "84.3152 46.9287 20.1143"
    "mx"    : "1"
  }
  {
    "type"  : "sphere"
    "mode"  : "rep"
    "rgb"   : "255 255 255"
    "blend" : "0.81852"
    "cone%" : "0.67"
    "line_w": "5.5"
    "r"     : "0.99863 -0.0523358 0 0.0523358 0.99863 -0 0 0 1"
    "t"     : "0 167.286 126.611"
    "s"     : "39.8052 42.4969 35.8607"
    "mx"    : "1"
  }
  {
    "type"  : "cube"
    "mode"  : "rep"
    "rgb"   : "255 0 0"
    "blend" : "0.681799"
    "line_w": "5.5"
    "r"     : "0.99863 -0.0523359 -1.86264e-08 0.0507813 0.968966 -0.241922 0.0126612 0.24159 0.970296"
    "t"     : "0 168.685 120.799"
    "s"     : "78.7549 43.8339 18.7879"
    "mx"    : "1"
  }
  {
    "type"  : "cube"
    "mode"  : "rep"
    "rgb"   : "255 255 255"
    "blend" : "0.681799"
    "line_w": "5.5"
    "r"     : "0.99863 -0.0523359 -1.86264e-08 0.0507813 0.968966 -0.241922 0.0126612 0.24159 0.970296"
    "t"     : "0 199.932 113.369"
    "s"     : "55.3386 2.13848 12.9947"
    "mx"    : "1"
  }
  {
    "type"  : "cube"
    "mode"  : "rep"
    "rgb"   : "255 255 255"
    "blend" : "0.681799"
    "line_w": "5.5"
    "r"     : "0.99863 -0.0523359 -1.86264e-08 0.0126612 0.24159 0.970296 -0.0507813 -0.968966 0.241922"
    "t"     : "0 197.772 125.849"
    "s"     : "56.6931 1.32859 5.14619"
    "mx"    : "1"
  }
  {
    "type"  : "cube"
    "mode"  : "rep"
    "rgb"   : "255 255 255"
    "blend" : "0.681799"
    "line_w": "5.5"
    "r"     : "0.99863 -0.0523359 -1.86264e-08 0.0126612 0.24159 0.970296 -0.0507813 -0.968966 0.241922"
    "t"     : "0 192.107 103.097"
    "s"     : "54.4622 1.32859 5.00788"
    "mx"    : "1"
  }
  {
    "type"  : "cube"
    "mode"  : "rep"
    "rgb"   : "255 255 255"
    "blend" : "0.681799"
    "line_w": "5.5"
    "r"     : "0.99863 -0.0523359 -1.86264e-08 0.0507813 0.968966 -0.241922 0.0126612 0.24159 0.970296"
    "t"     : "0 185.714 116.919"
    "s"     : "54.4422 1.32859 12.9947"
    "mx"    : "1"
  }
  {
    "type"  : "cube"
    "mode"  : "rep"
    "rgb"   : "255 255 255"
    "blend" : "0.681799"
    "line_w": "5.5"
    "r"     : "0.99863 -0.0523359 -1.86264e-08 0.0507813 0.968966 -0.241922 0.0126612 0.24159 0.970296"
    "t"     : "0 177.118 119.065"
    "s"     : "54.136 1.32859 12.9947"
    "mx"    : "1"
  }
  {
    "type"  : "cube"
    "mode"  : "rep"
    "rgb"   : "255 255 255"
    "blend" : "0.681799"
    "line_w": "5.5"
    "r"     : "0.99863 -0.0523359 -1.86264e-08 0.0507813 0.968966 -0.241922 0.0126612 0.24159 0.970296"
    "t"     : "0 168.442 116.665"
    "s"     : "54.5182 1.32859 7.88314"
    "mx"    : "1"
  }
  {
    "type"  : "cube"
    "mode"  : "rep"
    "rgb"   : "255 255 255"
    "blend" : "0.681799"
    "line_w": "5.5"
    "r"     : "0.99863 -0.0523359 -1.86264e-08 0.0507813 0.968966 -0.241922 0.0126612 0.24159 0.970296"
    "t"     : "0 161.246 123.028"
    "s"     : "53.6498 1.32859 12.4667"
    "mx"    : "1"
  }
  {
    "type"  : "cube"
    "mode"  : "rep"
    "rgb"   : "255 255 255"
    "blend" : "0.681799"
    "line_w": "5.5"
    "r"     : "0.99863 -0.0523359 -1.86264e-08 0.0507813 0.968966 -0.241922 0.0126612 0.24159 0.970296"
    "t"     : "0 151.405 130.05"
    "s"     : "52.8015 1.61982 7.20159"
    "mx"    : "1"
  }
  {
    "type"  : "cube"
    "mode"  : "rep"
    "rgb"   : "255 255 255"
    "blend" : "0.681799"
    "line_w": "5.5"
    "r"     : "0.99863 -0.0523359 -1.86264e-08 0.0126612 0.24159 0.970296 -0.0507813 -0.968966 0.241922"
    "t"     : "0 181.581 118.653"
    "s"     : "55.8448 1.32859 5.00451"
    "mx"    : "1"
  }
  {
    "type"  : "cube"
    "mode"  : "rep"
    "rgb"   : "255 255 255"
    "blend" : "0.788512"
    "line_w": "5.5"
    "r"     : "0.99863 -0.0523359 -1.86264e-08 0.0507813 0.968966 -0.241922 0.0126612 0.24159 0.970296"
    "t"     : "0 171.574 129.932"
    "s"     : "63.4931 1.99392 3.59944"
    "mx"    : "1"
  }
  {
    "type"  : "cube"
    "mode"  : "rep"
    "rgb"   : "255 255 255"
    "blend" : "0.681799"
    "line_w": "5.5"
    "r"     : "0.99863 -0.0523359 -1.86264e-08 0.0126612 0.24159 0.970296 -0.0507813 -0.968966 0.241922"
    "t"     : "0 157.57 135.535"
    "s"     : "54.1 1.32859 5.49446"
    "mx"    : "1"
  }
  {
    "type"  : "cube"
    "mode"  : "rep"
    "rgb"   : "255 255 255"
    "blend" : "0.681799"
    "line_w": "5.5"
    "r"     : "0.99863 -0.0523359 -1.86264e-08 0.0126612 0.24159 0.970296 -0.0507813 -0.968966 0.241922"
    "t"     : "0 153.727 122.447"
    "s"     : "54.4822 1.32859 5.49446"
    "mx"    : "1"
  }
  {
    "type"  : "cube"
    "mode"  : "rep"
    "rgb"   : "255 255 255"
    "blend" : "0.681799"
    "line_w": "5.5"
    "r"     : "0.99863 -0.0523359 -1.86264e-08 0.0126612 0.24159 0.970296 -0.0507813 -0.968966 0.241922"
    "t"     : "0 139.919 129.055"
    "s"     : "54.02 1.32859 5.30688"
    "mx"    : "1"
  }
  {
    "type"  : "cube"
    "mode"  : "rep"
    "rgb"   : "255 255 255"
    "blend" : "0.681799"
    "line_w": "5.5"
    "r"     : "0.99863 -0.0523359 -1.86264e-08 -0.0507813 -0.968966 0.241922 -0.0126612 -0.24159 -0.970296"
    "t"     : "0 145.286 133.685"
    "s"     : "54.068 1.32859 5.83572"
    "mx"    : "1"
  }
  {
    "type"  : "cube"
    "mode"  : "rep"
    "rgb"   : "255 255 255"
    "blend" : "0.681799"
    "line_w": "5.5"
    "r"     : "0.99863 -0.0523359 -1.86264e-08 0.0126612 0.24159 0.970296 -0.0507813 -0.968966 0.241922"
    "t"     : "0 137.037 117.482"
    "s"     : "53.6258 1.32859 5.83572"
    "mx"    : "1"
  }
  {
    "type"  : "cube"
    "mode"  : "rep"
    "rgb"   : "255 255 255"
    "blend" : "0.681799"
    "line_w": "5.5"
    "r"     : "0.99863 -0.0523359 -1.86264e-08 0.0126612 0.24159 0.970296 -0.0507813 -0.968966 0.241922"
    "t"     : "0 142.471 139.305"
    "s"     : "54.072 1.32859 5.3069"
    "mx"    : "1"
  }
  {
    "type"  : "cube"
    "mode"  : "rep"
    "rgb"   : "255 255 255"
    "blend" : "0.784549"
    "line_w": "5.5"
    "r"     : "0.99863 -0.0523359 -1.86264e-08 -0.0507813 -0.968966 0.241922 -0.0126612 -0.24159 -0.970296"
    "t"     : "0 133.477 124.342"
    "s"     : "61.818 1.52882 6.71519"
    "mx"    : "1"
  }
  ]
]
"object" :
[
  {
    "name"  : "ATTACH"
  }
  {
  }
]
"palette" :
[
  "0 0 0"
  "255 255 255"
  "255 255 204"
  "255 255 153"
  "255 255 102"
  "255 255 51"
  "255 255 0"
  "255 204 255"
  "255 204 204"
  "255 204 153"
  "255 204 102"
  "255 204 51"
  "255 204 0"
  "255 153 255"
  "255 153 204"
  "255 153 153"
  "255 153 102"
  "255 153 51"
  "255 153 0"
  "255 102 255"
  "255 102 204"
  "255 102 153"
  "255 102 102"
  "255 102 51"
  "255 102 0"
  "255 51 255"
  "255 51 204"
  "255 51 153"
  "255 51 102"
  "255 51 51"
  "255 51 0"
  "255 0 255"
  "255 0 204"
  "255 0 153"
  "255 0 102"
  "255 0 51"
  "255 0 0"
  "204 255 255"
  "204 255 204"
  "204 255 153"
  "204 255 102"
  "204 255 51"
  "204 255 0"
  "204 204 255"
  "204 204 204"
  "204 204 153"
  "204 204 102"
  "204 204 51"
  "204 204 0"
  "204 153 255"
  "204 153 204"
  "204 153 153"
  "204 153 102"
  "204 153 51"
  "204 153 0"
  "204 102 255"
  "204 102 204"
  "204 102 153"
  "204 102 102"
  "204 102 51"
  "204 102 0"
  "204 51 255"
  "204 51 204"
  "204 51 153"
  "204 51 102"
  "204 51 51"
  "204 51 0"
  "204 0 255"
  "204 0 204"
  "204 0 153"
  "204 0 102"
  "204 0 51"
  "204 0 0"
  "153 255 255"
  "153 255 204"
  "153 255 153"
  "153 255 102"
  "153 255 51"
  "153 255 0"
  "153 204 255"
  "153 204 204"
  "153 204 153"
  "153 204 102"
  "153 204 51"
  "153 204 0"
  "153 153 255"
  "153 153 204"
  "153 153 153"
  "153 153 102"
  "153 153 51"
  "153 153 0"
  "153 102 255"
  "153 102 204"
  "153 102 153"
  "153 102 102"
  "153 102 51"
  "153 102 0"
  "153 51 255"
  "153 51 204"
  "153 51 153"
  "153 51 102"
  "153 51 51"
  "153 51 0"
  "153 0 255"
  "153 0 204"
  "153 0 153"
  "153 0 102"
  "153 0 51"
  "153 0 0"
  "102 255 255"
  "102 255 204"
  "102 255 153"
  "102 255 102"
  "102 255 51"
  "102 255 0"
  "102 204 255"
  "102 204 204"
  "102 204 153"
  "102 204 102"
  "102 204 51"
  "102 204 0"
  "102 153 255"
  "102 153 204"
  "102 153 153"
  "102 153 102"
  "102 153 51"
  "102 153 0"
  "102 102 255"
  "102 102 204"
  "102 102 153"
  "102 102 102"
  "102 102 51"
  "102 102 0"
  "102 51 255"
  "102 51 204"
  "102 51 153"
  "102 51 102"
  "102 51 51"
  "102 51 0"
  "102 0 255"
  "102 0 204"
  "102 0 153"
  "102 0 102"
  "102 0 51"
  "102 0 0"
  "51 255 255"
  "51 255 204"
  "51 255 153"
  "51 255 102"
  "51 255 51"
  "51 255 0"
  "51 204 255"
  "51 204 204"
  "51 204 153"
  "51 204 102"
  "51 204 51"
  "51 204 0"
  "51 153 255"
  "51 153 204"
  "51 153 153"
  "51 153 102"
  "51 153 51"
  "51 153 0"
  "51 102 255"
  "51 102 204"
  "51 102 153"
  "51 102 102"
  "51 102 51"
  "51 102 0"
  "51 51 255"
  "51 51 204"
  "51 51 153"
  "51 51 102"
  "51 51 51"
  "51 51 0"
  "51 0 255"
  "51 0 204"
  "51 0 153"
  "51 0 102"
  "51 0 51"
  "51 0 0"
  "0 255 255"
  "0 255 204"
  "0 255 153"
  "0 255 102"
  "0 255 51"
  "0 255 0"
  "0 204 255"
  "0 204 204"
  "0 204 153"
  "0 204 102"
  "0 204 51"
  "0 204 0"
  "0 153 255"
  "0 153 204"
  "0 153 153"
  "0 153 102"
  "0 153 51"
  "0 153 0"
  "0 102 255"
  "0 102 204"
  "0 102 153"
  "0 102 102"
  "0 102 51"
  "0 102 0"
  "0 51 255"
  "0 51 204"
  "0 51 153"
  "0 51 102"
  "0 51 51"
  "0 51 0"
  "0 0 255"
  "0 0 204"
  "0 0 153"
  "0 0 102"
  "0 0 51"
  "238 0 0"
  "221 0 0"
  "187 0 0"
  "170 0 0"
  "136 0 0"
  "119 0 0"
  "85 0 0"
  "68 0 0"
  "34 0 0"
  "17 0 0"
  "0 238 0"
  "0 221 0"
  "0 187 0"
  "0 170 0"
  "0 136 0"
  "0 119 0"
  "0 85 0"
  "0 68 0"
  "0 34 0"
  "0 17 0"
  "0 0 238"
  "0 0 221"
  "0 0 187"
  "0 0 170"
  "0 0 136"
  "0 0 119"
  "0 0 85"
  "0 0 68"
  "0 0 34"
  "0 0 17"
  "238 238 238"
  "221 221 221"
  "187 187 187"
  "170 170 170"
  "136 136 136"
  "119 119 119"
  "85 85 85"
  "68 68 68"
  "34 34 34"
  "17 17 17"
]
