"csg" :
[
  [
  {
    "type"  : "bezier"
    "rgb"   : "234 153 92"
    "line_w": "2"
    "r"     : "-0.0507665 0.864538 -0.499997 0.071719 0.502506 0.861594 0.996132 0.00788083 -0.0875143"
    "t"     : "-25.6785 9.60796 490.701"
    "s"     : "61.2164 21.2945 46.4376"
    "mx"    : "1"
  }
  {
    "type"  : "sphere"
    "rgb"   : "234 153 92"
    "blend" : "1.5485"
    "line_w": "1"
    "r"     : "5.76204e-08 1 1.44173e-07 -1.31134e-07 -1.44173e-07 1 1 -5.76204e-08 1.31134e-07"
    "t"     : "6.74942 -32.7378 437.998"
    "s"     : "45.4886 65.0818 71.5873"
    "mx"    : "1"
  }
  {
    "type"  : "bezier"
    "rgb"   : "234 153 92"
    "blend" : "1.5485"
    "round%": "0.72"
    "line_w": "6.5"
    "r"     : "0.0922934 0.994522 -0.0490722 0.469471 -8.53091e-07 0.882948 0.878111 -0.104528 -0.466899"
    "t"     : "10.642 13.7059 484.198"
    "s"     : "41.5639 22.1438 6.26891"
    "mx"    : "1"
  }
  {
    "type"  : "bezier"
    "rgb"   : "234 153 92"
    "blend" : "1.5485"
    "bevel%": "0.4"
    "round%": "1"
    "line_w": "9"
    "r"     : "0.999931 -0.00632725 -0.00992333 0.00936831 -0.0824172 0.996554 -0.0071233 -0.996578 -0.0823522"
    "t"     : "39.9335 -15.6699 463.417"
    "s"     : "53.5963 40.9412 32.4802"
    "mx"    : "1"
  }
  {
    "type"  : "bezier"
    "rgb"   : "234 153 92"
    "blend" : "1.5485"
    "bevel%": "0.4"
    "round%": "1"
    "line_w": "9"
    "r"     : "0.48481 -0.87462 -1.59559e-07 9.2545e-08 -1.31134e-07 1 -0.87462 -0.48481 1.73666e-08"
    "t"     : "2.21213 -39.4363 460.248"
    "s"     : "54.7998 39.9022 23.732"
    "mx"    : "1"
  }
  {
    "type"  : "bezier"
    "rgb"   : "234 153 92"
    "blend" : "1.5485"
    "bevel%": "0.4"
    "round%": "1"
    "line_w": "9"
    "r"     : "0.694658 -0.71934 -1.58617e-07 9.2545e-08 -1.31134e-07 1 -0.71934 -0.694658 -2.4522e-08"
    "t"     : "33.8816 -22.5105 459.832"
    "s"     : "54.7998 36.9832 23.732"
    "mx"    : "1"
  }
  {
    "type"  : "cube"
    "mode"  : "rep"
    "rgb"   : "255 186 137"
    "blend" : "7.74249"
    "line_w": "9"
    "r"     : "0.809017 -1.50819e-07 0.587785 -0.587785 -5.25141e-08 0.809017 -9.11481e-08 -1 -1.31134e-07"
    "t"     : "100.653 -41.9118 489.694"
    "s"     : "53.5963 104.404 6.23908"
    "mx"    : "1"
  }
  {
    "type"  : "bezier"
    "rgb"   : "234 153 92"
    "blend" : "1.5485"
    "bevel%": "0.4"
    "round%": "1"
    "line_w": "9"
    "r"     : "0.999931 -0.00632725 -0.00992333 0.0099535 0.00475394 0.999939 -0.00627969 -0.999969 0.00481659"
    "t"     : "40.3084 44.0205 463.129"
    "s"     : "53.5963 40.9412 27.2045"
    "mx"    : "1"
  }
  {
    "type"  : "cube"
    "mode"  : "rep"
    "rgb"   : "255 186 137"
    "blend" : "7.74249"
    "line_w": "9"
    "r"     : "0.809017 -1.50819e-07 0.587785 -0.587785 -5.25141e-08 0.809017 -9.11481e-08 -1 -1.31134e-07"
    "t"     : "100.653 -23.7404 489.694"
    "s"     : "53.5963 104.404 1"
    "mx"    : "1"
  }
  {
    "type"  : "cube"
    "mode"  : "rep"
    "rgb"   : "255 186 137"
    "blend" : "7.74249"
    "line_w": "9"
    "r"     : "0.809017 -1.50819e-07 0.587785 -0.587785 -5.25141e-08 0.809017 -9.11481e-08 -1 -1.31134e-07"
    "t"     : "100.653 61.6932 489.694"
    "s"     : "53.5963 104.404 6.23908"
    "mx"    : "1"
  }
  {
    "type"  : "cube"
    "mode"  : "rep"
    "rgb"   : "255 186 137"
    "blend" : "7.74249"
    "line_w": "9"
    "r"     : "0.809017 -1.50819e-07 0.587785 -0.587785 -5.25141e-08 0.809017 -9.11481e-08 -1 -1.31134e-07"
    "t"     : "100.653 46.4731 489.694"
    "s"     : "53.5963 104.404 1"
    "mx"    : "1"
  }
  {
    "type"  : "cube"
    "mode"  : "rep"
    "rgb"   : "255 186 137"
    "blend" : "10.0652"
    "line_w": "9"
    "r"     : "-4.37114e-08 0 -1 0 1 0 1 0 -4.37114e-08"
    "t"     : "20.7591 -60.6199 475.619"
    "s"     : "53.5963 104.404 3.35472"
    "mx"    : "1"
  }
  ]
  [
  {
    "name"  : "headtop"
    "type"  : "sphere"
    "mode"  : "sub"
    "rgb"   : "0 0 0"
    "round%": "0.1"
    "line_w": "1"
    "r"     : "1 2.36426e-16 5.23869e-09 -1.58363e-16 1 -1.49012e-08 -5.23869e-09 1.49012e-08 1"
    "t"     : "-2.27614e-15 9.56105 480.133"
    "s"     : "2.5 2.5 2.5"
  }
  ]
]
"object" :
[
  {
  }
  {
    "name"  : "ATTACH"
  }
]
"palette" :
[
  "0 0 0"
  "255 255 255"
  "255 255 204"
  "255 255 153"
  "255 255 102"
  "255 255 51"
  "255 255 0"
  "255 204 255"
  "255 204 204"
  "255 204 153"
  "255 204 102"
  "255 204 51"
  "255 204 0"
  "255 153 255"
  "255 153 204"
  "255 153 153"
  "255 153 102"
  "255 153 51"
  "255 153 0"
  "255 102 255"
  "255 102 204"
  "255 102 153"
  "255 102 102"
  "255 102 51"
  "255 102 0"
  "255 51 255"
  "255 51 204"
  "255 51 153"
  "255 51 102"
  "255 51 51"
  "255 51 0"
  "255 0 255"
  "255 0 204"
  "255 0 153"
  "255 0 102"
  "255 0 51"
  "255 0 0"
  "204 255 255"
  "204 255 204"
  "204 255 153"
  "204 255 102"
  "204 255 51"
  "204 255 0"
  "204 204 255"
  "204 204 204"
  "204 204 153"
  "204 204 102"
  "204 204 51"
  "204 204 0"
  "204 153 255"
  "204 153 204"
  "204 153 153"
  "204 153 102"
  "204 153 51"
  "204 153 0"
  "204 102 255"
  "204 102 204"
  "204 102 153"
  "204 102 102"
  "204 102 51"
  "204 102 0"
  "204 51 255"
  "204 51 204"
  "204 51 153"
  "204 51 102"
  "204 51 51"
  "204 51 0"
  "204 0 255"
  "204 0 204"
  "204 0 153"
  "204 0 102"
  "204 0 51"
  "204 0 0"
  "153 255 255"
  "153 255 204"
  "153 255 153"
  "153 255 102"
  "153 255 51"
  "153 255 0"
  "153 204 255"
  "153 204 204"
  "153 204 153"
  "153 204 102"
  "153 204 51"
  "153 204 0"
  "153 153 255"
  "153 153 204"
  "153 153 153"
  "153 153 102"
  "153 153 51"
  "153 153 0"
  "153 102 255"
  "153 102 204"
  "153 102 153"
  "153 102 102"
  "153 102 51"
  "153 102 0"
  "153 51 255"
  "153 51 204"
  "153 51 153"
  "153 51 102"
  "153 51 51"
  "153 51 0"
  "153 0 255"
  "153 0 204"
  "153 0 153"
  "153 0 102"
  "153 0 51"
  "153 0 0"
  "102 255 255"
  "102 255 204"
  "102 255 153"
  "102 255 102"
  "102 255 51"
  "102 255 0"
  "102 204 255"
  "102 204 204"
  "102 204 153"
  "102 204 102"
  "102 204 51"
  "102 204 0"
  "102 153 255"
  "102 153 204"
  "102 153 153"
  "102 153 102"
  "102 153 51"
  "102 153 0"
  "102 102 255"
  "102 102 204"
  "102 102 153"
  "102 102 102"
  "102 102 51"
  "102 102 0"
  "102 51 255"
  "102 51 204"
  "102 51 153"
  "102 51 102"
  "102 51 51"
  "102 51 0"
  "102 0 255"
  "102 0 204"
  "102 0 153"
  "102 0 102"
  "102 0 51"
  "102 0 0"
  "51 255 255"
  "51 255 204"
  "51 255 153"
  "51 255 102"
  "51 255 51"
  "51 255 0"
  "51 204 255"
  "51 204 204"
  "51 204 153"
  "51 204 102"
  "51 204 51"
  "51 204 0"
  "51 153 255"
  "51 153 204"
  "51 153 153"
  "51 153 102"
  "51 153 51"
  "51 153 0"
  "51 102 255"
  "51 102 204"
  "51 102 153"
  "51 102 102"
  "51 102 51"
  "51 102 0"
  "51 51 255"
  "51 51 204"
  "51 51 153"
  "51 51 102"
  "51 51 51"
  "51 51 0"
  "51 0 255"
  "51 0 204"
  "51 0 153"
  "51 0 102"
  "51 0 51"
  "51 0 0"
  "0 255 255"
  "0 255 204"
  "0 255 153"
  "0 255 102"
  "0 255 51"
  "0 255 0"
  "0 204 255"
  "0 204 204"
  "0 204 153"
  "0 204 102"
  "0 204 51"
  "0 204 0"
  "0 153 255"
  "0 153 204"
  "0 153 153"
  "0 153 102"
  "0 153 51"
  "0 153 0"
  "0 102 255"
  "0 102 204"
  "0 102 153"
  "0 102 102"
  "0 102 51"
  "0 102 0"
  "0 51 255"
  "0 51 204"
  "0 51 153"
  "0 51 102"
  "0 51 51"
  "0 51 0"
  "0 0 255"
  "0 0 204"
  "0 0 153"
  "0 0 102"
  "0 0 51"
  "238 0 0"
  "221 0 0"
  "187 0 0"
  "170 0 0"
  "136 0 0"
  "119 0 0"
  "85 0 0"
  "68 0 0"
  "34 0 0"
  "17 0 0"
  "0 238 0"
  "0 221 0"
  "0 187 0"
  "0 170 0"
  "0 136 0"
  "0 119 0"
  "0 85 0"
  "0 68 0"
  "0 34 0"
  "0 17 0"
  "0 0 238"
  "0 0 221"
  "0 0 187"
  "0 0 170"
  "0 0 136"
  "0 0 119"
  "0 0 85"
  "0 0 68"
  "0 0 34"
  "0 0 17"
  "238 238 238"
  "221 221 221"
  "187 187 187"
  "170 170 170"
  "136 136 136"
  "119 119 119"
  "85 85 85"
  "68 68 68"
  "34 34 34"
  "17 17 17"
]
