"csg" :
[
  [
  {
    "type"  : "sphere"
    "rgb"   : "255 255 255"
    "hole%" : "0.9"
    "round%": "0.1"
    "line_w": "1"
    "r"     : "1 1.29456e-09 8.75356e-09 -3.2305e-09 0.97437 0.224951 -8.238e-09 -0.224951 0.97437"
    "t"     : "0.690187 6.68705 445.581"
    "s"     : "104.193 98.3318 74.673"
  }
  {
    "type"  : "cube"
    "mode"  : "sub"
    "rgb"   : "255 255 255"
    "round%": "0.1"
    "line_w": "1"
    "r"     : "1 1.29456e-09 8.75356e-09 -3.2305e-09 0.97437 0.224951 -8.238e-09 -0.224951 0.97437"
    "t"     : "-7.28555 8.7213 383.329"
    "s"     : "118.574 122.058 50.6836"
  }
  {
    "type"  : "sphere"
    "mode"  : "sub"
    "rgb"   : "255 255 255"
    "hole%" : "0.9"
    "round%": "0.1"
    "line_w": "1"
    "r"     : "1 1.29456e-09 8.75356e-09 -3.2305e-09 0.97437 0.224951 -8.238e-09 -0.224951 0.97437"
    "t"     : "-1.4658 64.0814 416.962"
    "s"     : "100.419 91.4891 62.2683"
  }
  {
    "type"  : "sphere"
    "mode"  : "sub"
    "rgb"   : "255 255 255"
    "hole%" : "0.9"
    "round%": "0.1"
    "line_w": "1"
    "r"     : "1 1.29456e-09 8.75356e-09 -9.88277e-10 0.999391 -0.0348994 -8.79341e-09 0.0348994 0.999391"
    "t"     : "0.690187 -19.5464 510.661"
    "s"     : "116.969 80.6088 76.5785"
  }
  {
    "type"  : "bezier"
    "rgb"   : "255 255 255"
    "round%": "1"
    "line_w": "3"
    "r"     : "1 1.29456e-09 8.75356e-09 -8.238e-09 -0.224951 0.97437 3.2305e-09 -0.97437 -0.224951"
    "t"     : "0 97.059 470.578"
    "s"     : "82.0931 12.5441 53.9868"
  }
  ]
  [
  {
    "name"  : "headtop"
    "type"  : "sphere"
    "mode"  : "sub"
    "rgb"   : "0 0 0"
    "round%": "0.1"
    "line_w": "1"
    "r"     : "1 2.36426e-16 5.23869e-09 -1.58363e-16 1 -1.49012e-08 -5.23869e-09 1.49012e-08 1"
    "t"     : "-2.27614e-15 9.56105 480.133"
    "s"     : "2.5 2.5 2.5"
  }
  ]
]
"object" :
[
  {
  }
  {
    "name"  : "ATTACH"
  }
]
"palette" :
[
  "0 0 0"
  "255 255 255"
  "255 255 204"
  "255 255 153"
  "255 255 102"
  "255 255 51"
  "255 255 0"
  "255 204 255"
  "255 204 204"
  "255 204 153"
  "255 204 102"
  "255 204 51"
  "255 204 0"
  "255 153 255"
  "255 153 204"
  "255 153 153"
  "255 153 102"
  "255 153 51"
  "255 153 0"
  "255 102 255"
  "255 102 204"
  "255 102 153"
  "255 102 102"
  "255 102 51"
  "255 102 0"
  "255 51 255"
  "255 51 204"
  "255 51 153"
  "255 51 102"
  "255 51 51"
  "255 51 0"
  "255 0 255"
  "255 0 204"
  "255 0 153"
  "255 0 102"
  "255 0 51"
  "255 0 0"
  "204 255 255"
  "204 255 204"
  "204 255 153"
  "204 255 102"
  "204 255 51"
  "204 255 0"
  "204 204 255"
  "204 204 204"
  "204 204 153"
  "204 204 102"
  "204 204 51"
  "204 204 0"
  "204 153 255"
  "204 153 204"
  "204 153 153"
  "204 153 102"
  "204 153 51"
  "204 153 0"
  "204 102 255"
  "204 102 204"
  "204 102 153"
  "204 102 102"
  "204 102 51"
  "204 102 0"
  "204 51 255"
  "204 51 204"
  "204 51 153"
  "204 51 102"
  "204 51 51"
  "204 51 0"
  "204 0 255"
  "204 0 204"
  "204 0 153"
  "204 0 102"
  "204 0 51"
  "204 0 0"
  "153 255 255"
  "153 255 204"
  "153 255 153"
  "153 255 102"
  "153 255 51"
  "153 255 0"
  "153 204 255"
  "153 204 204"
  "153 204 153"
  "153 204 102"
  "153 204 51"
  "153 204 0"
  "153 153 255"
  "153 153 204"
  "153 153 153"
  "153 153 102"
  "153 153 51"
  "153 153 0"
  "153 102 255"
  "153 102 204"
  "153 102 153"
  "153 102 102"
  "153 102 51"
  "153 102 0"
  "153 51 255"
  "153 51 204"
  "153 51 153"
  "153 51 102"
  "153 51 51"
  "153 51 0"
  "153 0 255"
  "153 0 204"
  "153 0 153"
  "153 0 102"
  "153 0 51"
  "153 0 0"
  "102 255 255"
  "102 255 204"
  "102 255 153"
  "102 255 102"
  "102 255 51"
  "102 255 0"
  "102 204 255"
  "102 204 204"
  "102 204 153"
  "102 204 102"
  "102 204 51"
  "102 204 0"
  "102 153 255"
  "102 153 204"
  "102 153 153"
  "102 153 102"
  "102 153 51"
  "102 153 0"
  "102 102 255"
  "102 102 204"
  "102 102 153"
  "102 102 102"
  "102 102 51"
  "102 102 0"
  "102 51 255"
  "102 51 204"
  "102 51 153"
  "102 51 102"
  "102 51 51"
  "102 51 0"
  "102 0 255"
  "102 0 204"
  "102 0 153"
  "102 0 102"
  "102 0 51"
  "102 0 0"
  "51 255 255"
  "51 255 204"
  "51 255 153"
  "51 255 102"
  "51 255 51"
  "51 255 0"
  "51 204 255"
  "51 204 204"
  "51 204 153"
  "51 204 102"
  "51 204 51"
  "51 204 0"
  "51 153 255"
  "51 153 204"
  "51 153 153"
  "51 153 102"
  "51 153 51"
  "51 153 0"
  "51 102 255"
  "51 102 204"
  "51 102 153"
  "51 102 102"
  "51 102 51"
  "51 102 0"
  "51 51 255"
  "51 51 204"
  "51 51 153"
  "51 51 102"
  "51 51 51"
  "51 51 0"
  "51 0 255"
  "51 0 204"
  "51 0 153"
  "51 0 102"
  "51 0 51"
  "51 0 0"
  "0 255 255"
  "0 255 204"
  "0 255 153"
  "0 255 102"
  "0 255 51"
  "0 255 0"
  "0 204 255"
  "0 204 204"
  "0 204 153"
  "0 204 102"
  "0 204 51"
  "0 204 0"
  "0 153 255"
  "0 153 204"
  "0 153 153"
  "0 153 102"
  "0 153 51"
  "0 153 0"
  "0 102 255"
  "0 102 204"
  "0 102 153"
  "0 102 102"
  "0 102 51"
  "0 102 0"
  "0 51 255"
  "0 51 204"
  "0 51 153"
  "0 51 102"
  "0 51 51"
  "0 51 0"
  "0 0 255"
  "0 0 204"
  "0 0 153"
  "0 0 102"
  "0 0 51"
  "238 0 0"
  "221 0 0"
  "187 0 0"
  "170 0 0"
  "136 0 0"
  "119 0 0"
  "85 0 0"
  "68 0 0"
  "34 0 0"
  "17 0 0"
  "0 238 0"
  "0 221 0"
  "0 187 0"
  "0 170 0"
  "0 136 0"
  "0 119 0"
  "0 85 0"
  "0 68 0"
  "0 34 0"
  "0 17 0"
  "0 0 238"
  "0 0 221"
  "0 0 187"
  "0 0 170"
  "0 0 136"
  "0 0 119"
  "0 0 85"
  "0 0 68"
  "0 0 34"
  "0 0 17"
  "238 238 238"
  "221 221 221"
  "187 187 187"
  "170 170 170"
  "136 136 136"
  "119 119 119"
  "85 85 85"
  "68 68 68"
  "34 34 34"
  "17 17 17"
]
