"csg" :
[
  [
  {
    "type"  : "sphere"
    "rgb"   : "234 153 92"
    "line_w": "1"
    "r"     : "5.76204e-08 1 1.44173e-07 -1.31134e-07 -1.44173e-07 1 1 -5.76204e-08 1.31134e-07"
    "t"     : "2.00362 8.76053 508.442"
    "s"     : "90.5904 64.835 64.2828"
    "mx"    : "1"
  }
  {
    "type"  : "sphere"
    "rgb"   : "234 153 92"
    "blend" : "2"
    "line_w": "1"
    "r"     : "5.76204e-08 1 1.44173e-07 -1.31134e-07 -1.44173e-07 1 1 -5.76204e-08 1.31134e-07"
    "t"     : "-2.87717 -59.809 416.397"
    "s"     : "58.7519 113.583 108.357"
  }
  {
    "type"  : "bezier"
    "rgb"   : "234 153 92"
    "blend" : "2"
    "round%": "0.72"
    "line_w": "6.5"
    "r"     : "1.96077e-07 1 5.1391e-07 0.469471 -5.45808e-07 0.882948 0.882948 6.814e-08 -0.469471"
    "t"     : "36.5842 8.76052 516.633"
    "s"     : "62.5046 28.6004 8.09676"
    "mx"    : "1"
  }
  {
    "type"  : "bezier"
    "rgb"   : "234 153 92"
    "blend" : "5"
    "round%": "0.72"
    "line_w": "11.5"
    "r"     : "1.96077e-07 1 5.1391e-07 0.207912 -5.43447e-07 0.978148 0.978148 -8.49441e-08 -0.207912"
    "t"     : "20.8777 8.76052 531.132"
    "s"     : "62.5046 28.6004 8.09676"
    "mx"    : "1"
  }
  {
    "type"  : "cube"
    "rgb"   : "234 153 92"
    "blend" : "2"
    "bevel%": "0.4"
    "round%": "1"
    "line_w": "1"
    "r"     : "5.76204e-08 1 1.44172e-07 -0.438371 -1.04322e-07 0.898794 0.898794 -1.1499e-07 0.438371"
    "t"     : "65.2268 -12.597 453.595"
    "s"     : "64.5284 75.1624 33.1616"
    "mx"    : "1"
  }
  {
    "type"  : "bezier"
    "rgb"   : "234 153 92"
    "blend" : "13"
    "round%": "0.72"
    "line_w": "6.5"
    "r"     : "0.36476 -0.0594864 0.929199 -0.00948216 -0.998143 -0.0601778 0.931053 0.0131396 -0.364647"
    "t"     : "23.627 -83.0253 405.532"
    "s"     : "86.6083 28.6004 10.2791"
    "mx"    : "1"
  }
  {
    "type"  : "bezier"
    "rgb"   : "234 153 92"
    "blend" : "2"
    "round%": "0.72"
    "line_w": "5.5"
    "r"     : "0.203946 0.977902 -0.0459864 0.942418 -0.183394 0.27967 0.265056 -0.100376 -0.958994"
    "t"     : "86.7914 -32.0709 440.277"
    "s"     : "64.6953 13.893 8.09676"
    "mx"    : "1"
  }
  {
    "type"  : "bezier"
    "rgb"   : "234 153 92"
    "blend" : "2"
    "round%": "0.72"
    "line_w": "5.5"
    "r"     : "0.203946 0.977902 -0.0459864 0.942418 -0.183394 0.27967 0.265056 -0.100376 -0.958994"
    "t"     : "77.9849 -30.2546 456.943"
    "s"     : "64.6953 13.893 8.09676"
    "mx"    : "1"
  }
  ]
  [
  {
    "name"  : "headtop"
    "type"  : "sphere"
    "mode"  : "sub"
    "rgb"   : "0 0 0"
    "round%": "0.1"
    "line_w": "1"
    "r"     : "1 2.36426e-16 5.23869e-09 -1.58363e-16 1 -1.49012e-08 -5.23869e-09 1.49012e-08 1"
    "t"     : "-2.27614e-15 9.56105 480.133"
    "s"     : "2.5 2.5 2.5"
  }
  ]
]
"object" :
[
  {
  }
  {
    "name"  : "ATTACH"
  }
]
"palette" :
[
  "0 0 0"
  "255 255 255"
  "255 255 204"
  "255 255 153"
  "255 255 102"
  "255 255 51"
  "255 255 0"
  "255 204 255"
  "255 204 204"
  "255 204 153"
  "255 204 102"
  "255 204 51"
  "255 204 0"
  "255 153 255"
  "255 153 204"
  "255 153 153"
  "255 153 102"
  "255 153 51"
  "255 153 0"
  "255 102 255"
  "255 102 204"
  "255 102 153"
  "255 102 102"
  "255 102 51"
  "255 102 0"
  "255 51 255"
  "255 51 204"
  "255 51 153"
  "255 51 102"
  "255 51 51"
  "255 51 0"
  "255 0 255"
  "255 0 204"
  "255 0 153"
  "255 0 102"
  "255 0 51"
  "255 0 0"
  "204 255 255"
  "204 255 204"
  "204 255 153"
  "204 255 102"
  "204 255 51"
  "204 255 0"
  "204 204 255"
  "204 204 204"
  "204 204 153"
  "204 204 102"
  "204 204 51"
  "204 204 0"
  "204 153 255"
  "204 153 204"
  "204 153 153"
  "204 153 102"
  "204 153 51"
  "204 153 0"
  "204 102 255"
  "204 102 204"
  "204 102 153"
  "204 102 102"
  "204 102 51"
  "204 102 0"
  "204 51 255"
  "204 51 204"
  "204 51 153"
  "204 51 102"
  "204 51 51"
  "204 51 0"
  "204 0 255"
  "204 0 204"
  "204 0 153"
  "204 0 102"
  "204 0 51"
  "204 0 0"
  "153 255 255"
  "153 255 204"
  "153 255 153"
  "153 255 102"
  "153 255 51"
  "153 255 0"
  "153 204 255"
  "153 204 204"
  "153 204 153"
  "153 204 102"
  "153 204 51"
  "153 204 0"
  "153 153 255"
  "153 153 204"
  "153 153 153"
  "153 153 102"
  "153 153 51"
  "153 153 0"
  "153 102 255"
  "153 102 204"
  "153 102 153"
  "153 102 102"
  "153 102 51"
  "153 102 0"
  "153 51 255"
  "153 51 204"
  "153 51 153"
  "153 51 102"
  "153 51 51"
  "153 51 0"
  "153 0 255"
  "153 0 204"
  "153 0 153"
  "153 0 102"
  "153 0 51"
  "153 0 0"
  "102 255 255"
  "102 255 204"
  "102 255 153"
  "102 255 102"
  "102 255 51"
  "102 255 0"
  "102 204 255"
  "102 204 204"
  "102 204 153"
  "102 204 102"
  "102 204 51"
  "102 204 0"
  "102 153 255"
  "102 153 204"
  "102 153 153"
  "102 153 102"
  "102 153 51"
  "102 153 0"
  "102 102 255"
  "102 102 204"
  "102 102 153"
  "102 102 102"
  "102 102 51"
  "102 102 0"
  "102 51 255"
  "102 51 204"
  "102 51 153"
  "102 51 102"
  "102 51 51"
  "102 51 0"
  "102 0 255"
  "102 0 204"
  "102 0 153"
  "102 0 102"
  "102 0 51"
  "102 0 0"
  "51 255 255"
  "51 255 204"
  "51 255 153"
  "51 255 102"
  "51 255 51"
  "51 255 0"
  "51 204 255"
  "51 204 204"
  "51 204 153"
  "51 204 102"
  "51 204 51"
  "51 204 0"
  "51 153 255"
  "51 153 204"
  "51 153 153"
  "51 153 102"
  "51 153 51"
  "51 153 0"
  "51 102 255"
  "51 102 204"
  "51 102 153"
  "51 102 102"
  "51 102 51"
  "51 102 0"
  "51 51 255"
  "51 51 204"
  "51 51 153"
  "51 51 102"
  "51 51 51"
  "51 51 0"
  "51 0 255"
  "51 0 204"
  "51 0 153"
  "51 0 102"
  "51 0 51"
  "51 0 0"
  "0 255 255"
  "0 255 204"
  "0 255 153"
  "0 255 102"
  "0 255 51"
  "0 255 0"
  "0 204 255"
  "0 204 204"
  "0 204 153"
  "0 204 102"
  "0 204 51"
  "0 204 0"
  "0 153 255"
  "0 153 204"
  "0 153 153"
  "0 153 102"
  "0 153 51"
  "0 153 0"
  "0 102 255"
  "0 102 204"
  "0 102 153"
  "0 102 102"
  "0 102 51"
  "0 102 0"
  "0 51 255"
  "0 51 204"
  "0 51 153"
  "0 51 102"
  "0 51 51"
  "0 51 0"
  "0 0 255"
  "0 0 204"
  "0 0 153"
  "0 0 102"
  "0 0 51"
  "238 0 0"
  "221 0 0"
  "187 0 0"
  "170 0 0"
  "136 0 0"
  "119 0 0"
  "85 0 0"
  "68 0 0"
  "34 0 0"
  "17 0 0"
  "0 238 0"
  "0 221 0"
  "0 187 0"
  "0 170 0"
  "0 136 0"
  "0 119 0"
  "0 85 0"
  "0 68 0"
  "0 34 0"
  "0 17 0"
  "0 0 238"
  "0 0 221"
  "0 0 187"
  "0 0 170"
  "0 0 136"
  "0 0 119"
  "0 0 85"
  "0 0 68"
  "0 0 34"
  "0 0 17"
  "238 238 238"
  "221 221 221"
  "187 187 187"
  "170 170 170"
  "136 136 136"
  "119 119 119"
  "85 85 85"
  "68 68 68"
  "34 34 34"
  "17 17 17"
]
