"csg" :
[
  [
  {
    "type"  : "cylinder"
    "rgb"   : "0 0 0"
    "hole%" : "0.95"
    "bevel%": "1"
    "top_v%": "-0.13"
    "line_w": "20"
    "r"     : "1.23608e-08 0.939693 -0.34202 -1 4.56955e-08 8.94069e-08 9.96438e-08 0.34202 0.939693"
    "t"     : "-5.0351 34.6211 257.2"
    "s"     : "43.6254 45.9489 1.75319"
    "mx"    : "1"
  }
  {
    "type"  : "sphere"
    "rgb"   : "255 255 255"
    "hole%" : "0.95"
    "bevel%": "1"
    "top_v%": "-0.13"
    "line_w": "20"
    "r"     : "0.743145 0.628777 -0.228856 -0.669131 0.698328 -0.25417 1.00399e-07 0.34202 0.939693"
    "t"     : "33.1197 60.9956 248.376"
    "s"     : "3.4248 5 4.07275"
    "mx"    : "1"
  }
  {
    "type"  : "sphere"
    "mode"  : "sub"
    "rgb"   : "126 126 126"
    "hole%" : "0.95"
    "bevel%": "1"
    "top_v%": "-0.13"
    "line_w": "20"
    "r"     : "0.743145 0.628777 -0.228856 -0.669131 0.698328 -0.25417 1.00399e-07 0.34202 0.939693"
    "t"     : "33.2118 60.8288 247.675"
    "s"     : "2.35589 5.08948 1.30552"
    "mx"    : "1"
  }
  {
    "type"  : "sphere"
    "rgb"   : "255 255 255"
    "hole%" : "0.95"
    "bevel%": "1"
    "top_v%": "-0.13"
    "line_w": "20"
    "r"     : "0.0687408 0.936222 -0.34462 -0.98485 0.00855677 -0.1732 -0.159205 0.351305 0.922626"
    "t"     : "5.46433 77.2436 242.302"
    "s"     : "3.4248 5 4.07275"
    "mx"    : "1"
  }
  {
    "type"  : "sphere"
    "mode"  : "sub"
    "rgb"   : "126 126 126"
    "hole%" : "0.95"
    "bevel%": "1"
    "top_v%": "-0.13"
    "line_w": "20"
    "r"     : "0.0687408 0.936222 -0.34462 -0.98485 0.00855677 -0.1732 -0.159205 0.351305 0.922626"
    "t"     : "5.72893 79.0449 240.886"
    "s"     : "2.35589 5.08948 1.30552"
    "mx"    : "1"
  }
  {
    "type"  : "sphere"
    "rgb"   : "255 255 255"
    "hole%" : "0.95"
    "bevel%": "1"
    "top_v%": "-0.13"
    "line_w": "20"
    "r"     : "0.251344 0.918023 -0.306692 -0.957309 0.189042 -0.218685 -0.14278 0.348564 0.926346"
    "t"     : "16.0823 74.7157 244.084"
    "s"     : "3.4248 5 4.07275"
    "mx"    : "1"
  }
  {
    "type"  : "sphere"
    "mode"  : "sub"
    "rgb"   : "126 126 126"
    "hole%" : "0.95"
    "bevel%": "1"
    "top_v%": "-0.13"
    "line_w": "20"
    "r"     : "0.251344 0.918023 -0.306692 -0.957309 0.189042 -0.218685 -0.14278 0.348564 0.926346"
    "t"     : "16.7355 76.4791 242.749"
    "s"     : "2.35589 5.08948 1.30552"
    "mx"    : "1"
  }
  {
    "type"  : "sphere"
    "rgb"   : "255 255 255"
    "hole%" : "0.95"
    "bevel%": "1"
    "top_v%": "-0.13"
    "line_w": "20"
    "r"     : "0.6367 0.77084 -0.0204712 -0.755108 0.617885 -0.219157 -0.156286 0.154995 0.975475"
    "t"     : "25.3713 68.6914 246.165"
    "s"     : "3.4248 5 4.07275"
    "mx"    : "1"
  }
  {
    "type"  : "sphere"
    "mode"  : "sub"
    "rgb"   : "126 126 126"
    "hole%" : "0.95"
    "bevel%": "1"
    "top_v%": "-0.13"
    "line_w": "20"
    "r"     : "0.6367 0.77084 -0.0204712 -0.755108 0.617885 -0.219157 -0.156286 0.154995 0.975475"
    "t"     : "26.8789 70.2704 245.422"
    "s"     : "2.35589 5.08948 1.30552"
    "mx"    : "1"
  }
  {
    "type"  : "sphere"
    "rgb"   : "255 255 255"
    "hole%" : "0.95"
    "bevel%": "1"
    "top_v%": "-0.13"
    "line_w": "20"
    "r"     : "0.000670737 0.944447 -0.328663 -0.999337 0.0125946 0.0341524 0.0363945 0.328422 0.94383"
    "t"     : "-6.1935 77.6074 241.261"
    "s"     : "3.4248 5 4.07275"
    "mx"    : "1"
  }
  {
    "type"  : "sphere"
    "mode"  : "sub"
    "rgb"   : "126 126 126"
    "hole%" : "0.95"
    "bevel%": "1"
    "top_v%": "-0.13"
    "line_w": "20"
    "r"     : "0.000670737 0.944447 -0.328663 -0.999337 0.0125946 0.0341524 0.0363945 0.328422 0.94383"
    "t"     : "-6.21806 79.4431 239.865"
    "s"     : "2.35589 5.08948 1.30552"
    "mx"    : "1"
  }
  {
    "type"  : "sphere"
    "rgb"   : "255 255 255"
    "hole%" : "0.95"
    "bevel%": "1"
    "top_v%": "-0.13"
    "line_w": "20"
    "r"     : "0.866025 0.469847 -0.17101 -0.5 0.813798 -0.296198 1.004e-07 0.34202 0.939693"
    "t"     : "38.8863 50.4372 252.219"
    "s"     : "3.4248 5 4.07275"
    "mx"    : "1"
  }
  {
    "type"  : "sphere"
    "mode"  : "sub"
    "rgb"   : "126 126 126"
    "hole%" : "0.95"
    "bevel%": "1"
    "top_v%": "-0.13"
    "line_w": "20"
    "r"     : "0.866025 0.469847 -0.17101 -0.5 0.813798 -0.296198 1.004e-07 0.34202 0.939693"
    "t"     : "40.785 51.2226 251.172"
    "s"     : "2.35589 5.08948 1.30552"
    "mx"    : "1"
  }
  ]
  [
  {
    "name"  : "neck"
    "type"  : "sphere"
    "mode"  : "sub"
    "rgb"   : "0 0 0"
    "blend" : "1"
    "line_w": "1"
    "r"     : "-1 4.33494e-05 -3.5697e-05 3.64481e-05 0.0174524 -0.999848 -4.27198e-05 -0.999848 -0.0174524"
    "t"     : "-0.00112263 15.9899 274.87"
    "s"     : "5.15687 10.5569 31.4238"
    "mx"    : "1"
  }
  ]
]
"object" :
[
  {
  }
  {
    "name"  : "ATTACH"
  }
]
"palette" :
[
  "0 0 0"
  "255 255 255"
  "255 255 204"
  "255 255 153"
  "255 255 102"
  "255 255 51"
  "255 255 0"
  "255 204 255"
  "255 204 204"
  "255 204 153"
  "255 204 102"
  "255 204 51"
  "255 204 0"
  "255 153 255"
  "255 153 204"
  "255 153 153"
  "255 153 102"
  "255 153 51"
  "255 153 0"
  "255 102 255"
  "255 102 204"
  "255 102 153"
  "255 102 102"
  "255 102 51"
  "255 102 0"
  "255 51 255"
  "255 51 204"
  "255 51 153"
  "255 51 102"
  "255 51 51"
  "255 51 0"
  "255 0 255"
  "255 0 204"
  "255 0 153"
  "255 0 102"
  "255 0 51"
  "255 0 0"
  "204 255 255"
  "204 255 204"
  "204 255 153"
  "204 255 102"
  "204 255 51"
  "204 255 0"
  "204 204 255"
  "204 204 204"
  "204 204 153"
  "204 204 102"
  "204 204 51"
  "204 204 0"
  "204 153 255"
  "204 153 204"
  "204 153 153"
  "204 153 102"
  "204 153 51"
  "204 153 0"
  "204 102 255"
  "204 102 204"
  "204 102 153"
  "204 102 102"
  "204 102 51"
  "204 102 0"
  "204 51 255"
  "204 51 204"
  "204 51 153"
  "204 51 102"
  "204 51 51"
  "204 51 0"
  "204 0 255"
  "204 0 204"
  "204 0 153"
  "204 0 102"
  "204 0 51"
  "204 0 0"
  "153 255 255"
  "153 255 204"
  "153 255 153"
  "153 255 102"
  "153 255 51"
  "153 255 0"
  "153 204 255"
  "153 204 204"
  "153 204 153"
  "153 204 102"
  "153 204 51"
  "153 204 0"
  "153 153 255"
  "153 153 204"
  "153 153 153"
  "153 153 102"
  "153 153 51"
  "153 153 0"
  "153 102 255"
  "153 102 204"
  "153 102 153"
  "153 102 102"
  "153 102 51"
  "153 102 0"
  "153 51 255"
  "153 51 204"
  "153 51 153"
  "153 51 102"
  "153 51 51"
  "153 51 0"
  "153 0 255"
  "153 0 204"
  "153 0 153"
  "153 0 102"
  "153 0 51"
  "153 0 0"
  "102 255 255"
  "102 255 204"
  "102 255 153"
  "102 255 102"
  "102 255 51"
  "102 255 0"
  "102 204 255"
  "102 204 204"
  "102 204 153"
  "102 204 102"
  "102 204 51"
  "102 204 0"
  "102 153 255"
  "102 153 204"
  "102 153 153"
  "102 153 102"
  "102 153 51"
  "102 153 0"
  "102 102 255"
  "102 102 204"
  "102 102 153"
  "102 102 102"
  "102 102 51"
  "102 102 0"
  "102 51 255"
  "102 51 204"
  "102 51 153"
  "102 51 102"
  "102 51 51"
  "102 51 0"
  "102 0 255"
  "102 0 204"
  "102 0 153"
  "102 0 102"
  "102 0 51"
  "102 0 0"
  "51 255 255"
  "51 255 204"
  "51 255 153"
  "51 255 102"
  "51 255 51"
  "51 255 0"
  "51 204 255"
  "51 204 204"
  "51 204 153"
  "51 204 102"
  "51 204 51"
  "51 204 0"
  "51 153 255"
  "51 153 204"
  "51 153 153"
  "51 153 102"
  "51 153 51"
  "51 153 0"
  "51 102 255"
  "51 102 204"
  "51 102 153"
  "51 102 102"
  "51 102 51"
  "51 102 0"
  "51 51 255"
  "51 51 204"
  "51 51 153"
  "51 51 102"
  "51 51 51"
  "51 51 0"
  "51 0 255"
  "51 0 204"
  "51 0 153"
  "51 0 102"
  "51 0 51"
  "51 0 0"
  "0 255 255"
  "0 255 204"
  "0 255 153"
  "0 255 102"
  "0 255 51"
  "0 255 0"
  "0 204 255"
  "0 204 204"
  "0 204 153"
  "0 204 102"
  "0 204 51"
  "0 204 0"
  "0 153 255"
  "0 153 204"
  "0 153 153"
  "0 153 102"
  "0 153 51"
  "0 153 0"
  "0 102 255"
  "0 102 204"
  "0 102 153"
  "0 102 102"
  "0 102 51"
  "0 102 0"
  "0 51 255"
  "0 51 204"
  "0 51 153"
  "0 51 102"
  "0 51 51"
  "0 51 0"
  "0 0 255"
  "0 0 204"
  "0 0 153"
  "0 0 102"
  "0 0 51"
  "238 0 0"
  "221 0 0"
  "187 0 0"
  "170 0 0"
  "136 0 0"
  "119 0 0"
  "85 0 0"
  "68 0 0"
  "34 0 0"
  "17 0 0"
  "0 238 0"
  "0 221 0"
  "0 187 0"
  "0 170 0"
  "0 136 0"
  "0 119 0"
  "0 85 0"
  "0 68 0"
  "0 34 0"
  "0 17 0"
  "0 0 238"
  "0 0 221"
  "0 0 187"
  "0 0 170"
  "0 0 136"
  "0 0 119"
  "0 0 85"
  "0 0 68"
  "0 0 34"
  "0 0 17"
  "238 238 238"
  "221 221 221"
  "187 187 187"
  "170 170 170"
  "136 136 136"
  "119 119 119"
  "85 85 85"
  "68 68 68"
  "34 34 34"
  "17 17 17"
]
