"csg" :
[
  [
  {
    "type"  : "cube"
    "rgb"   : "84 140 149"
    "bevel%": "1"
    "round%": "0.75"
    "cone%" : "0.66"
    "top_v%": "-0.13"
    "line_w": "20"
    "r"     : "4.56955e-08 1 -7.45058e-08 -1 4.56955e-08 8.94069e-08 8.94069e-08 7.45058e-08 1"
    "t"     : "-4.09792 20.59 186.518"
    "s"     : "73.0721 85.8055 93.3178"
    "mx"    : "1"
  }
  {
    "type"  : "cube"
    "mode"  : "sub"
    "rgb"   : "84 140 149"
    "top_v%": "-0.13"
    "line_w": "20"
    "r"     : "4.56955e-08 1 -7.45058e-08 -1 4.56955e-08 8.94069e-08 8.94069e-08 7.45058e-08 1"
    "t"     : "-14.6682 3.74186 112.545"
    "s"     : "124.107 123.313 44.8832"
    "mx"    : "1"
  }
  {
    "type"  : "cube"
    "rgb"   : "84 140 149"
    "blend" : "0.920575"
    "bevel%": "1"
    "round%": "0.14"
    "cone%" : "0.45"
    "top_v%": "-0.02"
    "line_w": "1"
    "r"     : "0.898794 -2.85347e-08 0.438371 1.0874e-07 1 -1.57858e-07 -0.438371 1.8955e-07 0.898794"
    "t"     : "59.3077 21.4193 234.839"
    "s"     : "28.5991 28.8546 28.1903"
    "mx"    : "1"
  }
  {
    "type"  : "cylinder"
    "rgb"   : "213 213 213"
    "bevel%": "1"
    "top_v%": "-0.13"
    "line_w": "20"
    "r"     : "-1.75341e-08 0.241922 -0.970296 1 -6.17878e-08 -3.34763e-08 -6.80511e-08 -0.970296 -0.241922"
    "t"     : "-11.2647 88.0966 187.62"
    "s"     : "4.17578 3.38135 1.49591"
  }
  {
    "type"  : "cylinder"
    "rgb"   : "213 213 213"
    "bevel%": "1"
    "top_v%": "-0.13"
    "line_w": "20"
    "r"     : "-1.75341e-08 0.241922 -0.970296 1 -6.17878e-08 -3.34763e-08 -6.80511e-08 -0.970296 -0.241922"
    "t"     : "-11.2647 84.3281 214.53"
    "s"     : "4.17578 3.38135 1.49591"
  }
  {
    "type"  : "cylinder"
    "rgb"   : "213 213 213"
    "bevel%": "1"
    "top_v%": "-0.13"
    "line_w": "20"
    "r"     : "-1.75341e-08 0.241922 -0.970296 1 -6.17878e-08 -3.34763e-08 -6.80511e-08 -0.970296 -0.241922"
    "t"     : "-11.2647 79.4873 244.17"
    "s"     : "4.17578 3.38135 1.49591"
  }
  ]
  [
  {
    "name"  : "shirt"
    "type"  : "sphere"
    "mode"  : "sub"
    "rgb"   : "0 0 0"
    "bevel%": "1"
    "round%": "0.75"
    "cone%" : "1"
    "top_v%": "-0.13"
    "line_w": "20"
    "r"     : "4.56955e-08 1 -7.45058e-08 -1 4.56955e-08 8.94069e-08 8.94069e-08 7.45058e-08 1"
    "t"     : "7.97512e-07 16.241 185.453"
    "s"     : "2.5 2.5 2.5"
    "mx"    : "1"
  }
  ]
]
"object" :
[
  {
  }
  {
    "name"  : "ATTACH"
  }
]
"palette" :
[
  "0 0 0"
  "255 255 255"
  "255 255 204"
  "255 255 153"
  "255 255 102"
  "255 255 51"
  "255 255 0"
  "255 204 255"
  "255 204 204"
  "255 204 153"
  "255 204 102"
  "255 204 51"
  "255 204 0"
  "255 153 255"
  "255 153 204"
  "255 153 153"
  "255 153 102"
  "255 153 51"
  "255 153 0"
  "255 102 255"
  "255 102 204"
  "255 102 153"
  "255 102 102"
  "255 102 51"
  "255 102 0"
  "255 51 255"
  "255 51 204"
  "255 51 153"
  "255 51 102"
  "255 51 51"
  "255 51 0"
  "255 0 255"
  "255 0 204"
  "255 0 153"
  "255 0 102"
  "255 0 51"
  "255 0 0"
  "204 255 255"
  "204 255 204"
  "204 255 153"
  "204 255 102"
  "204 255 51"
  "204 255 0"
  "204 204 255"
  "204 204 204"
  "204 204 153"
  "204 204 102"
  "204 204 51"
  "204 204 0"
  "204 153 255"
  "204 153 204"
  "204 153 153"
  "204 153 102"
  "204 153 51"
  "204 153 0"
  "204 102 255"
  "204 102 204"
  "204 102 153"
  "204 102 102"
  "204 102 51"
  "204 102 0"
  "204 51 255"
  "204 51 204"
  "204 51 153"
  "204 51 102"
  "204 51 51"
  "204 51 0"
  "204 0 255"
  "204 0 204"
  "204 0 153"
  "204 0 102"
  "204 0 51"
  "204 0 0"
  "153 255 255"
  "153 255 204"
  "153 255 153"
  "153 255 102"
  "153 255 51"
  "153 255 0"
  "153 204 255"
  "153 204 204"
  "153 204 153"
  "153 204 102"
  "153 204 51"
  "153 204 0"
  "153 153 255"
  "153 153 204"
  "153 153 153"
  "153 153 102"
  "153 153 51"
  "153 153 0"
  "153 102 255"
  "153 102 204"
  "153 102 153"
  "153 102 102"
  "153 102 51"
  "153 102 0"
  "153 51 255"
  "153 51 204"
  "153 51 153"
  "153 51 102"
  "153 51 51"
  "153 51 0"
  "153 0 255"
  "153 0 204"
  "153 0 153"
  "153 0 102"
  "153 0 51"
  "153 0 0"
  "102 255 255"
  "102 255 204"
  "102 255 153"
  "102 255 102"
  "102 255 51"
  "102 255 0"
  "102 204 255"
  "102 204 204"
  "102 204 153"
  "102 204 102"
  "102 204 51"
  "102 204 0"
  "102 153 255"
  "102 153 204"
  "102 153 153"
  "102 153 102"
  "102 153 51"
  "102 153 0"
  "102 102 255"
  "102 102 204"
  "102 102 153"
  "102 102 102"
  "102 102 51"
  "102 102 0"
  "102 51 255"
  "102 51 204"
  "102 51 153"
  "102 51 102"
  "102 51 51"
  "102 51 0"
  "102 0 255"
  "102 0 204"
  "102 0 153"
  "102 0 102"
  "102 0 51"
  "102 0 0"
  "51 255 255"
  "51 255 204"
  "51 255 153"
  "51 255 102"
  "51 255 51"
  "51 255 0"
  "51 204 255"
  "51 204 204"
  "51 204 153"
  "51 204 102"
  "51 204 51"
  "51 204 0"
  "51 153 255"
  "51 153 204"
  "51 153 153"
  "51 153 102"
  "51 153 51"
  "51 153 0"
  "51 102 255"
  "51 102 204"
  "51 102 153"
  "51 102 102"
  "51 102 51"
  "51 102 0"
  "51 51 255"
  "51 51 204"
  "51 51 153"
  "51 51 102"
  "51 51 51"
  "51 51 0"
  "51 0 255"
  "51 0 204"
  "51 0 153"
  "51 0 102"
  "51 0 51"
  "51 0 0"
  "0 255 255"
  "0 255 204"
  "0 255 153"
  "0 255 102"
  "0 255 51"
  "0 255 0"
  "0 204 255"
  "0 204 204"
  "0 204 153"
  "0 204 102"
  "0 204 51"
  "0 204 0"
  "0 153 255"
  "0 153 204"
  "0 153 153"
  "0 153 102"
  "0 153 51"
  "0 153 0"
  "0 102 255"
  "0 102 204"
  "0 102 153"
  "0 102 102"
  "0 102 51"
  "0 102 0"
  "0 51 255"
  "0 51 204"
  "0 51 153"
  "0 51 102"
  "0 51 51"
  "0 51 0"
  "0 0 255"
  "0 0 204"
  "0 0 153"
  "0 0 102"
  "0 0 51"
  "238 0 0"
  "221 0 0"
  "187 0 0"
  "170 0 0"
  "136 0 0"
  "119 0 0"
  "85 0 0"
  "68 0 0"
  "34 0 0"
  "17 0 0"
  "0 238 0"
  "0 221 0"
  "0 187 0"
  "0 170 0"
  "0 136 0"
  "0 119 0"
  "0 85 0"
  "0 68 0"
  "0 34 0"
  "0 17 0"
  "0 0 238"
  "0 0 221"
  "0 0 187"
  "0 0 170"
  "0 0 136"
  "0 0 119"
  "0 0 85"
  "0 0 68"
  "0 0 34"
  "0 0 17"
  "238 238 238"
  "221 221 221"
  "187 187 187"
  "170 170 170"
  "136 136 136"
  "119 119 119"
  "85 85 85"
  "68 68 68"
  "34 34 34"
  "17 17 17"
]
