"csg" :
[
  [
  {
    "name"  : "body"
    "type"  : "sphere"
    "mode"  : "sub"
    "rgb"   : "0 255 135"
    "bevel%": "1"
    "round%": "0.75"
    "top_v%": "-0.13"
    "line_w": "20"
    "r"     : "1 -4.65661e-09 -2.98023e-08 4.65661e-09 1 -3.33067e-16 2.98023e-08 1.94289e-16 1"
    "t"     : "2.56378e-08 -11.1777 2.60678"
    "s"     : "2.5 2.5 2.5"
  }
  ]
  [
  {
    "type"  : "cube"
    "rgb"   : "43 30 154"
    "blend" : "1"
    "bevel%": "1"
    "round%": "0.75"
    "top_v%": "-0.13"
    "line_w": "20"
    "r"     : "0.0659167 0.985565 -0.155935 -0.99759 0.0617024 -0.0317193 -0.0216399 0.15765 0.987258"
    "t"     : "33.7835 3.01075 33.615"
    "s"     : "38.1137 25.5281 18.7272"
    "mx"    : "1"
  }
  {
    "type"  : "sphere"
    "rgb"   : "43 30 154"
    "blend" : "7"
    "bevel%": "1"
    "round%": "0.75"
    "top_v%": "-0.13"
    "line_w": "20"
    "r"     : "-3.90548e-08 1 1.16392e-15 -1 -3.90548e-08 2.98023e-08 2.98023e-08 0 1"
    "t"     : "31.7616 3.45132 26.7382"
    "s"     : "29.5753 25.807 31.1822"
    "mx"    : "1"
  }
  {
    "type"  : "cylinder"
    "mode"  : "sub"
    "rgb"   : "43 30 154"
    "blend" : "1"
    "bevel%": "1"
    "top_v%": "-0.13"
    "line_w": "20"
    "r"     : "-2.98023e-08 -4.37114e-08 -1 4.65661e-09 1 -4.37114e-08 1 -4.65661e-09 -2.98023e-08"
    "t"     : "33.1634 -13.0818 65.7154"
    "s"     : "29.5753 42.7402 31.4317"
    "mx"    : "1"
  }
  {
    "type"  : "cube"
    "mode"  : "sub"
    "rgb"   : "43 30 154"
    "blend" : "1"
    "top_v%": "-0.13"
    "line_w": "20"
    "r"     : "-3.90548e-08 1 1.16392e-15 -1 -3.90548e-08 2.98023e-08 2.98023e-08 0 1"
    "t"     : "-95.973 34.1512 -20.3678"
    "s"     : "74.4726 171.675 47.129"
    "mx"    : "1"
  }
  {
    "type"  : "cylinder"
    "mode"  : "sub"
    "rgb"   : "43 30 154"
    "blend" : "1"
    "bevel%": "1"
    "top_v%": "-0.13"
    "line_w": "20"
    "r"     : "-2.98023e-08 -4.37114e-08 -1 4.65661e-09 1 -4.37114e-08 1 -4.65661e-09 -2.98023e-08"
    "t"     : "-35.575 -13.0818 65.7154"
    "s"     : "29.5753 37.9825 27.4102"
    "mx"    : "1"
  }
  {
    "type"  : "cube"
    "mode"  : "sub"
    "rgb"   : "43 30 154"
    "blend" : "1"
    "top_v%": "-0.13"
    "line_w": "20"
    "r"     : "-3.90548e-08 1 1.16392e-15 -1 -3.90548e-08 2.98023e-08 2.98023e-08 0 1"
    "t"     : "-25.8395 39.7621 -20.3678"
    "s"     : "71.4678 171.675 47.129"
    "mx"    : "1"
  }
  {
    "type"  : "cube"
    "mode"  : "rep"
    "rgb"   : "43 30 154"
    "blend" : "1"
    "top_v%": "-0.13"
    "line_w": "20"
    "r"     : "0.990994 -0.133756 -0.00630345 0.0130062 0.0492975 0.9987 -0.133271 -0.989787 0.0505932"
    "t"     : "44.5048 101.131 24.2103"
    "s"     : "33.4991 12.8497 4.51234"
    "mx"    : "1"
  }
  {
    "type"  : "cube"
    "mode"  : "rep"
    "rgb"   : "43 30 154"
    "blend" : "1"
    "top_v%": "-0.13"
    "line_w": "20"
    "r"     : "-0.133271 -0.989787 0.0505932 0.0130062 0.0492975 0.9987 -0.990994 0.133756 0.00630345"
    "t"     : "45.0336 105.059 24.0096"
    "s"     : "33.4991 12.8497 1.41414"
    "mx"    : "1"
  }
  {
    "type"  : "cube"
    "mode"  : "sub"
    "rgb"   : "43 30 154"
    "blend" : "0.618802"
    "cone%" : "0.99"
    "top_v%": "-0.13"
    "line_w": "20"
    "r"     : "1 -2.14405e-21 3.55271e-15 3.7136e-16 0.994522 -0.104528 -3.53325e-15 0.104528 0.994522"
    "t"     : "49.3369 36.0385 45.8175"
    "s"     : "12.6377 17.1983 12.5875"
    "mx"    : "1"
  }
  {
    "type"  : "cube"
    "mode"  : "sub"
    "rgb"   : "43 30 154"
    "blend" : "0.618802"
    "cone%" : "1"
    "top_v%": "-0.13"
    "line_w": "20"
    "r"     : "1 -2.14405e-21 3.55271e-15 3.7136e-16 0.994522 -0.104528 -3.53325e-15 0.104528 0.994522"
    "t"     : "20.0196 36.0385 45.8175"
    "s"     : "12.6377 17.1983 12.5875"
    "mx"    : "1"
  }
  {
    "type"  : "cube"
    "mode"  : "sub"
    "rgb"   : "43 30 154"
    "blend" : "0.618802"
    "top_v%": "-0.13"
    "line_w": "20"
    "r"     : "1 -2.14405e-21 3.55271e-15 3.7136e-16 0.994522 -0.104528 -3.53325e-15 0.104528 0.994522"
    "t"     : "17.7671 43.1779 45.587"
    "s"     : "14.8902 17.1983 12.5875"
    "mx"    : "1"
  }
  {
    "type"  : "cube"
    "mode"  : "sub"
    "rgb"   : "43 30 154"
    "blend" : "0.618802"
    "top_v%": "-0.13"
    "line_w": "20"
    "r"     : "1 -2.14405e-21 3.55271e-15 3.7136e-16 0.994522 -0.104528 -3.53325e-15 0.104528 0.994522"
    "t"     : "49.9482 42.8975 45.3966"
    "s"     : "12.6377 17.1983 12.5875"
    "mx"    : "1"
  }
  {
    "type"  : "cube"
    "mode"  : "rep"
    "rgb"   : "13 9 48"
    "blend" : "0.618802"
    "top_v%": "-0.13"
    "line_w": "20"
    "r"     : "1 -2.64698e-23 0 2.64698e-23 1 -0 0 0 1"
    "t"     : "46.9742 9.62198 16.5494"
    "s"     : "43.2907 45.4292 12.5875"
    "mx"    : "1"
  }
  ]
]
"object" :
[
  {
    "name"  : "acc1"
  }
  {
  }
]
"palette" :
[
  "0 0 0"
  "255 255 255"
  "255 255 204"
  "255 255 153"
  "255 255 102"
  "255 255 51"
  "255 255 0"
  "255 204 255"
  "255 204 204"
  "255 204 153"
  "255 204 102"
  "255 204 51"
  "255 204 0"
  "255 153 255"
  "255 153 204"
  "255 153 153"
  "255 153 102"
  "255 153 51"
  "255 153 0"
  "255 102 255"
  "255 102 204"
  "255 102 153"
  "255 102 102"
  "255 102 51"
  "255 102 0"
  "255 51 255"
  "255 51 204"
  "255 51 153"
  "255 51 102"
  "255 51 51"
  "255 51 0"
  "255 0 255"
  "255 0 204"
  "255 0 153"
  "255 0 102"
  "255 0 51"
  "255 0 0"
  "204 255 255"
  "204 255 204"
  "204 255 153"
  "204 255 102"
  "204 255 51"
  "204 255 0"
  "204 204 255"
  "204 204 204"
  "204 204 153"
  "204 204 102"
  "204 204 51"
  "204 204 0"
  "204 153 255"
  "204 153 204"
  "204 153 153"
  "204 153 102"
  "204 153 51"
  "204 153 0"
  "204 102 255"
  "204 102 204"
  "204 102 153"
  "204 102 102"
  "204 102 51"
  "204 102 0"
  "204 51 255"
  "204 51 204"
  "204 51 153"
  "204 51 102"
  "204 51 51"
  "204 51 0"
  "204 0 255"
  "204 0 204"
  "204 0 153"
  "204 0 102"
  "204 0 51"
  "204 0 0"
  "153 255 255"
  "153 255 204"
  "153 255 153"
  "153 255 102"
  "153 255 51"
  "153 255 0"
  "153 204 255"
  "153 204 204"
  "153 204 153"
  "153 204 102"
  "153 204 51"
  "153 204 0"
  "153 153 255"
  "153 153 204"
  "153 153 153"
  "153 153 102"
  "153 153 51"
  "153 153 0"
  "153 102 255"
  "153 102 204"
  "153 102 153"
  "153 102 102"
  "153 102 51"
  "153 102 0"
  "153 51 255"
  "153 51 204"
  "153 51 153"
  "153 51 102"
  "153 51 51"
  "153 51 0"
  "153 0 255"
  "153 0 204"
  "153 0 153"
  "153 0 102"
  "153 0 51"
  "153 0 0"
  "102 255 255"
  "102 255 204"
  "102 255 153"
  "102 255 102"
  "102 255 51"
  "102 255 0"
  "102 204 255"
  "102 204 204"
  "102 204 153"
  "102 204 102"
  "102 204 51"
  "102 204 0"
  "102 153 255"
  "102 153 204"
  "102 153 153"
  "102 153 102"
  "102 153 51"
  "102 153 0"
  "102 102 255"
  "102 102 204"
  "102 102 153"
  "102 102 102"
  "102 102 51"
  "102 102 0"
  "102 51 255"
  "102 51 204"
  "102 51 153"
  "102 51 102"
  "102 51 51"
  "102 51 0"
  "102 0 255"
  "102 0 204"
  "102 0 153"
  "102 0 102"
  "102 0 51"
  "102 0 0"
  "51 255 255"
  "51 255 204"
  "51 255 153"
  "51 255 102"
  "51 255 51"
  "51 255 0"
  "51 204 255"
  "51 204 204"
  "51 204 153"
  "51 204 102"
  "51 204 51"
  "51 204 0"
  "51 153 255"
  "51 153 204"
  "51 153 153"
  "51 153 102"
  "51 153 51"
  "51 153 0"
  "51 102 255"
  "51 102 204"
  "51 102 153"
  "51 102 102"
  "51 102 51"
  "51 102 0"
  "51 51 255"
  "51 51 204"
  "51 51 153"
  "51 51 102"
  "51 51 51"
  "51 51 0"
  "51 0 255"
  "51 0 204"
  "51 0 153"
  "51 0 102"
  "51 0 51"
  "51 0 0"
  "0 255 255"
  "0 255 204"
  "0 255 153"
  "0 255 102"
  "0 255 51"
  "0 255 0"
  "0 204 255"
  "0 204 204"
  "0 204 153"
  "0 204 102"
  "0 204 51"
  "0 204 0"
  "0 153 255"
  "0 153 204"
  "0 153 153"
  "0 153 102"
  "0 153 51"
  "0 153 0"
  "0 102 255"
  "0 102 204"
  "0 102 153"
  "0 102 102"
  "0 102 51"
  "0 102 0"
  "0 51 255"
  "0 51 204"
  "0 51 153"
  "0 51 102"
  "0 51 51"
  "0 51 0"
  "0 0 255"
  "0 0 204"
  "0 0 153"
  "0 0 102"
  "0 0 51"
  "238 0 0"
  "221 0 0"
  "187 0 0"
  "170 0 0"
  "136 0 0"
  "119 0 0"
  "85 0 0"
  "68 0 0"
  "34 0 0"
  "17 0 0"
  "0 238 0"
  "0 221 0"
  "0 187 0"
  "0 170 0"
  "0 136 0"
  "0 119 0"
  "0 85 0"
  "0 68 0"
  "0 34 0"
  "0 17 0"
  "0 0 238"
  "0 0 221"
  "0 0 187"
  "0 0 170"
  "0 0 136"
  "0 0 119"
  "0 0 85"
  "0 0 68"
  "0 0 34"
  "0 0 17"
  "238 238 238"
  "221 221 221"
  "187 187 187"
  "170 170 170"
  "136 136 136"
  "119 119 119"
  "85 85 85"
  "68 68 68"
  "34 34 34"
  "17 17 17"
]
